start,duration,threads_x,threads_y,threads_z
0.919647,0.001412,8388608.0,1.0,1.0
0.921061,0.001419,8388608.0,1.0,1.0
0.922483,0.001415,8388608.0,1.0,1.0
0.923901,0.001418,8388608.0,1.0,1.0
0.925323,0.001419,8388608.0,1.0,1.0
0.926744,0.001417,8388608.0,1.0,1.0
0.928165,0.001412,8388608.0,1.0,1.0
0.92958,0.001411,8388608.0,1.0,1.0
0.930995,0.001419,8388608.0,1.0,1.0
0.932416,0.001418,8388608.0,1.0,1.0
0.933838,0.001414,8388608.0,1.0,1.0
0.935255,0.001411,8388608.0,1.0,1.0
0.936669,0.001419,8388608.0,1.0,1.0
0.93809,0.001415,8388608.0,1.0,1.0
0.939508,0.001415,8388608.0,1.0,1.0
0.940925,0.001408,8388608.0,1.0,1.0
0.942336,0.001413,8388608.0,1.0,1.0
0.943752,0.001416,8388608.0,1.0,1.0
0.945172,0.001421,8388608.0,1.0,1.0
0.946598,0.001414,8388608.0,1.0,1.0
0.948016,0.001418,8388608.0,1.0,1.0
0.949438,0.001419,8388608.0,1.0,1.0
0.950862,0.001417,8388608.0,1.0,1.0
0.952282,0.001416,8388608.0,1.0,1.0
0.9537,0.001416,8388608.0,1.0,1.0
0.955119,0.001416,8388608.0,1.0,1.0
0.956538,0.001419,8388608.0,1.0,1.0
0.957961,0.001417,8388608.0,1.0,1.0
0.95938,0.001419,8388608.0,1.0,1.0
0.960803,0.001422,8388608.0,1.0,1.0
0.962229,0.001418,8388608.0,1.0,1.0
0.963649,0.00142,8388608.0,1.0,1.0
0.965073,0.001421,8388608.0,1.0,1.0
0.966498,0.001419,8388608.0,1.0,1.0
0.96792,0.001418,8388608.0,1.0,1.0
0.969342,0.001414,8388608.0,1.0,1.0
0.970759,0.001417,8388608.0,1.0,1.0
0.972179,0.001418,8388608.0,1.0,1.0
0.9736,0.001415,8388608.0,1.0,1.0
0.975017,0.001416,8388608.0,1.0,1.0
0.976436,0.001417,8388608.0,1.0,1.0
0.977857,0.001414,8388608.0,1.0,1.0
0.979275,0.001415,8388608.0,1.0,1.0
0.980692,0.001416,8388608.0,1.0,1.0
0.98211,0.001414,8388608.0,1.0,1.0
0.983527,0.001413,8388608.0,1.0,1.0
0.984943,0.001416,8388608.0,1.0,1.0
0.986363,0.001416,8388608.0,1.0,1.0
0.987783,0.001422,8388608.0,1.0,1.0
0.989207,0.001419,8388608.0,1.0,1.0
0.990629,0.001416,8388608.0,1.0,1.0
0.992047,0.001416,8388608.0,1.0,1.0
0.993466,0.001421,8388608.0,1.0,1.0
0.99489,0.001417,8388608.0,1.0,1.0
0.996311,0.001416,8388608.0,1.0,1.0
0.99773,0.001417,8388608.0,1.0,1.0
0.999149,0.001412,8388608.0,1.0,1.0
1.000564,0.001418,8388608.0,1.0,1.0
1.001987,0.001421,8388608.0,1.0,1.0
1.00341,0.001417,8388608.0,1.0,1.0
1.00483,0.001417,8388608.0,1.0,1.0
1.006249,0.00142,8388608.0,1.0,1.0
1.007673,0.001419,8388608.0,1.0,1.0
1.009096,0.001419,8388608.0,1.0,1.0
1.010517,0.001414,8388608.0,1.0,1.0
1.011935,0.001416,8388608.0,1.0,1.0
1.013354,0.001419,8388608.0,1.0,1.0
1.014776,0.001416,8388608.0,1.0,1.0
1.016194,0.001417,8388608.0,1.0,1.0
1.017614,0.001416,8388608.0,1.0,1.0
1.019032,0.001416,8388608.0,1.0,1.0
1.020453,0.001416,8388608.0,1.0,1.0
1.021871,0.001416,8388608.0,1.0,1.0
1.023289,0.001415,8388608.0,1.0,1.0
1.024708,0.001414,8388608.0,1.0,1.0
1.026124,0.001415,8388608.0,1.0,1.0
1.027542,0.001419,8388608.0,1.0,1.0
1.028965,0.001415,8388608.0,1.0,1.0
1.030383,0.001416,8388608.0,1.0,1.0
1.031802,0.001417,8388608.0,1.0,1.0
1.033223,0.001404,8388608.0,1.0,1.0
1.034632,0.001415,8388608.0,1.0,1.0
1.036049,0.001418,8388608.0,1.0,1.0
1.037469,0.001418,8388608.0,1.0,1.0
1.03889,0.001417,8388608.0,1.0,1.0
1.040309,0.001418,8388608.0,1.0,1.0
1.041729,0.001416,8388608.0,1.0,1.0
1.043148,0.001416,8388608.0,1.0,1.0
1.044566,0.001421,8388608.0,1.0,1.0
1.04599,0.001417,8388608.0,1.0,1.0
1.047411,0.001414,8388608.0,1.0,1.0
1.048829,0.001414,8388608.0,1.0,1.0
1.050247,0.001413,8388608.0,1.0,1.0
1.051663,0.001414,8388608.0,1.0,1.0
1.053079,0.001414,8388608.0,1.0,1.0
1.054498,0.00142,8388608.0,1.0,1.0
1.05592,0.001411,8388608.0,1.0,1.0
1.057335,0.001413,8388608.0,1.0,1.0
1.058751,0.001415,8388608.0,1.0,1.0
1.06017,0.001419,8388608.0,1.0,1.0
1.108261,0.00141,8388608.0,1.0,1.0
1.109674,0.001411,8388608.0,1.0,1.0
1.111087,0.001402,8388608.0,1.0,1.0
1.112492,0.001415,8388608.0,1.0,1.0
1.113911,0.001412,8388608.0,1.0,1.0
1.115326,0.001413,8388608.0,1.0,1.0
1.116741,0.001415,8388608.0,1.0,1.0
1.118159,0.001414,8388608.0,1.0,1.0
1.119575,0.001398,8388608.0,1.0,1.0
1.120976,0.001414,8388608.0,1.0,1.0
1.122393,0.001397,8388608.0,1.0,1.0
1.123793,0.001403,8388608.0,1.0,1.0
1.125198,0.001402,8388608.0,1.0,1.0
1.126603,0.001401,8388608.0,1.0,1.0
1.128007,0.001413,8388608.0,1.0,1.0
1.129422,0.001416,8388608.0,1.0,1.0
1.130841,0.001415,8388608.0,1.0,1.0
1.132259,0.001401,8388608.0,1.0,1.0
1.133663,0.001398,8388608.0,1.0,1.0
1.135063,0.001414,8388608.0,1.0,1.0
1.136479,0.001416,8388608.0,1.0,1.0
1.137898,0.001413,8388608.0,1.0,1.0
1.139314,0.001411,8388608.0,1.0,1.0
1.140728,0.001399,8388608.0,1.0,1.0
1.142129,0.001412,8388608.0,1.0,1.0
1.143543,0.001415,8388608.0,1.0,1.0
1.14496,0.001413,8388608.0,1.0,1.0
1.146376,0.001413,8388608.0,1.0,1.0
1.147791,0.0014,8388608.0,1.0,1.0
1.149194,0.001412,8388608.0,1.0,1.0
1.15061,0.001399,8388608.0,1.0,1.0
1.152012,0.001413,8388608.0,1.0,1.0
1.153428,0.001404,8388608.0,1.0,1.0
1.154835,0.001413,8388608.0,1.0,1.0
1.156252,0.001414,8388608.0,1.0,1.0
1.157669,0.001411,8388608.0,1.0,1.0
1.159083,0.001411,8388608.0,1.0,1.0
1.160496,0.001411,8388608.0,1.0,1.0
1.161911,0.001413,8388608.0,1.0,1.0
1.163327,0.001389,8388608.0,1.0,1.0
1.164721,0.001405,8388608.0,1.0,1.0
1.166128,0.001411,8388608.0,1.0,1.0
1.167542,0.001402,8388608.0,1.0,1.0
1.168946,0.001401,8388608.0,1.0,1.0
1.17035,0.00141,8388608.0,1.0,1.0
1.171764,0.001415,8388608.0,1.0,1.0
1.173182,0.001393,8388608.0,1.0,1.0
1.174577,0.001411,8388608.0,1.0,1.0
1.175991,0.001412,8388608.0,1.0,1.0
1.177405,0.001413,8388608.0,1.0,1.0
1.178821,0.001412,8388608.0,1.0,1.0
1.180235,0.001412,8388608.0,1.0,1.0
1.18165,0.001397,8388608.0,1.0,1.0
1.183049,0.0014,8388608.0,1.0,1.0
1.184452,0.001401,8388608.0,1.0,1.0
1.185856,0.001412,8388608.0,1.0,1.0
1.187272,0.001413,8388608.0,1.0,1.0
1.188687,0.001415,8388608.0,1.0,1.0
1.190106,0.001397,8388608.0,1.0,1.0
1.191505,0.0014,8388608.0,1.0,1.0
1.192909,0.00141,8388608.0,1.0,1.0
1.194321,0.0014,8388608.0,1.0,1.0
1.195724,0.0014,8388608.0,1.0,1.0
1.197126,0.001413,8388608.0,1.0,1.0
1.198542,0.001403,8388608.0,1.0,1.0
1.199948,0.001416,8388608.0,1.0,1.0
1.201367,0.001402,8388608.0,1.0,1.0
1.202771,0.0014,8388608.0,1.0,1.0
1.204173,0.001409,8388608.0,1.0,1.0
1.205585,0.001414,8388608.0,1.0,1.0
1.207003,0.001403,8388608.0,1.0,1.0
1.208409,0.001402,8388608.0,1.0,1.0
1.209813,0.0014,8388608.0,1.0,1.0
1.211217,0.001416,8388608.0,1.0,1.0
1.212636,0.001412,8388608.0,1.0,1.0
1.214051,0.001404,8388608.0,1.0,1.0
1.215457,0.001407,8388608.0,1.0,1.0
1.216867,0.001405,8388608.0,1.0,1.0
1.218277,0.001411,8388608.0,1.0,1.0
1.219691,0.0014,8388608.0,1.0,1.0
1.221093,0.001401,8388608.0,1.0,1.0
1.222496,0.001399,8388608.0,1.0,1.0
1.223898,0.001416,8388608.0,1.0,1.0
1.225316,0.001408,8388608.0,1.0,1.0
1.226727,0.001412,8388608.0,1.0,1.0
1.228141,0.001399,8388608.0,1.0,1.0
1.229543,0.001412,8388608.0,1.0,1.0
1.230957,0.001408,8388608.0,1.0,1.0
1.232367,0.001415,8388608.0,1.0,1.0
1.233786,0.001401,8388608.0,1.0,1.0
1.235191,0.001403,8388608.0,1.0,1.0
1.236597,0.001414,8388608.0,1.0,1.0
1.238014,0.001398,8388608.0,1.0,1.0
1.239414,0.001412,8388608.0,1.0,1.0
1.240829,0.0014,8388608.0,1.0,1.0
1.242233,0.001401,8388608.0,1.0,1.0
1.243636,0.001412,8388608.0,1.0,1.0
1.24505,0.001399,8388608.0,1.0,1.0
1.246452,0.001412,8388608.0,1.0,1.0
1.247867,0.001412,8388608.0,1.0,1.0
1.262595,0.0014,8388608.0,1.0,1.0
1.263999,0.001399,8388608.0,1.0,1.0
1.265403,0.001407,8388608.0,1.0,1.0
1.266814,0.001407,8388608.0,1.0,1.0
1.268225,0.001399,8388608.0,1.0,1.0
1.269627,0.001409,8388608.0,1.0,1.0
1.271038,0.001397,8388608.0,1.0,1.0
1.272439,0.001413,8388608.0,1.0,1.0
1.273854,0.001407,8388608.0,1.0,1.0
1.275263,0.001412,8388608.0,1.0,1.0
1.276678,0.001398,8388608.0,1.0,1.0
1.278078,0.001411,8388608.0,1.0,1.0
1.279491,0.001397,8388608.0,1.0,1.0
1.280891,0.001401,8388608.0,1.0,1.0
1.282294,0.001411,8388608.0,1.0,1.0
1.283707,0.001399,8388608.0,1.0,1.0
1.285111,0.001412,8388608.0,1.0,1.0
1.286525,0.001399,8388608.0,1.0,1.0
1.287927,0.001411,8388608.0,1.0,1.0
1.28934,0.00141,8388608.0,1.0,1.0
1.290754,0.001398,8388608.0,1.0,1.0
1.292155,0.001397,8388608.0,1.0,1.0
1.293555,0.0014,8388608.0,1.0,1.0
1.294959,0.001413,8388608.0,1.0,1.0
1.296375,0.00141,8388608.0,1.0,1.0
1.297789,0.001397,8388608.0,1.0,1.0
1.29919,0.00141,8388608.0,1.0,1.0
1.300603,0.001397,8388608.0,1.0,1.0
1.302004,0.001407,8388608.0,1.0,1.0
1.303415,0.001396,8388608.0,1.0,1.0
1.304814,0.001398,8388608.0,1.0,1.0
1.306216,0.001395,8388608.0,1.0,1.0
1.307614,0.001409,8388608.0,1.0,1.0
1.309027,0.001408,8388608.0,1.0,1.0
1.310439,0.001401,8388608.0,1.0,1.0
1.311843,0.001409,8388608.0,1.0,1.0
1.313255,0.001396,8388608.0,1.0,1.0
1.314654,0.001392,8388608.0,1.0,1.0
1.31605,0.001398,8388608.0,1.0,1.0
1.31745,0.001396,8388608.0,1.0,1.0
1.31885,0.001411,8388608.0,1.0,1.0
1.320263,0.001412,8388608.0,1.0,1.0
1.321678,0.00141,8388608.0,1.0,1.0
1.32309,0.0014,8388608.0,1.0,1.0
1.324493,0.001408,8388608.0,1.0,1.0
1.325903,0.001411,8388608.0,1.0,1.0
1.327317,0.001409,8388608.0,1.0,1.0
1.328728,0.001408,8388608.0,1.0,1.0
1.330138,0.001407,8388608.0,1.0,1.0
1.331548,0.001398,8388608.0,1.0,1.0
1.332949,0.001411,8388608.0,1.0,1.0
1.334363,0.001407,8388608.0,1.0,1.0
1.335772,0.001398,8388608.0,1.0,1.0
1.337173,0.001398,8388608.0,1.0,1.0
1.338573,0.001398,8388608.0,1.0,1.0
1.339974,0.001412,8388608.0,1.0,1.0
1.341388,0.001397,8388608.0,1.0,1.0
1.342788,0.00141,8388608.0,1.0,1.0
1.344202,0.001398,8388608.0,1.0,1.0
1.345603,0.001408,8388608.0,1.0,1.0
1.347014,0.001407,8388608.0,1.0,1.0
1.348425,0.00141,8388608.0,1.0,1.0
1.349839,0.001396,8388608.0,1.0,1.0
1.351238,0.001399,8388608.0,1.0,1.0
1.35264,0.001407,8388608.0,1.0,1.0
1.35405,0.001411,8388608.0,1.0,1.0
1.355463,0.00141,8388608.0,1.0,1.0
1.356877,0.001495,8388608.0,1.0,1.0
1.358377,0.001399,8388608.0,1.0,1.0
1.35978,0.001412,8388608.0,1.0,1.0
1.361195,0.001411,8388608.0,1.0,1.0
1.36261,0.001405,8388608.0,1.0,1.0
1.364018,0.001407,8388608.0,1.0,1.0
1.365429,0.001396,8388608.0,1.0,1.0
1.366829,0.0014,8388608.0,1.0,1.0
1.368231,0.001412,8388608.0,1.0,1.0
1.369646,0.001411,8388608.0,1.0,1.0
1.37106,0.0014,8388608.0,1.0,1.0
1.372464,0.001403,8388608.0,1.0,1.0
1.37387,0.001401,8388608.0,1.0,1.0
1.375274,0.00141,8388608.0,1.0,1.0
1.376688,0.001411,8388608.0,1.0,1.0
1.378102,0.001397,8388608.0,1.0,1.0
1.379501,0.001413,8388608.0,1.0,1.0
1.380918,0.001407,8388608.0,1.0,1.0
1.382327,0.0014,8388608.0,1.0,1.0
1.38373,0.001412,8388608.0,1.0,1.0
1.385144,0.0014,8388608.0,1.0,1.0
1.386546,0.001397,8388608.0,1.0,1.0
1.387945,0.001408,8388608.0,1.0,1.0
1.389356,0.00141,8388608.0,1.0,1.0
1.390769,0.001397,8388608.0,1.0,1.0
1.392168,0.001412,8388608.0,1.0,1.0
1.393582,0.001399,8388608.0,1.0,1.0
1.394984,0.001411,8388608.0,1.0,1.0
1.396399,0.001397,8388608.0,1.0,1.0
1.397798,0.001411,8388608.0,1.0,1.0
1.399212,0.001395,8388608.0,1.0,1.0
1.400609,0.001403,8388608.0,1.0,1.0
1.402014,0.001398,8388608.0,1.0,1.0
1.416721,0.001393,8388608.0,1.0,1.0
1.418116,0.001395,8388608.0,1.0,1.0
1.419514,0.001405,8388608.0,1.0,1.0
1.420923,0.001406,8388608.0,1.0,1.0
1.422332,0.001392,8388608.0,1.0,1.0
1.423728,0.001411,8388608.0,1.0,1.0
1.425141,0.001395,8388608.0,1.0,1.0
1.42654,0.001393,8388608.0,1.0,1.0
1.427936,0.001395,8388608.0,1.0,1.0
1.429333,0.0014,8388608.0,1.0,1.0
1.430736,0.001404,8388608.0,1.0,1.0
1.432142,0.001404,8388608.0,1.0,1.0
1.433548,0.001393,8388608.0,1.0,1.0
1.434943,0.001395,8388608.0,1.0,1.0
1.436341,0.001401,8388608.0,1.0,1.0
1.437745,0.001405,8388608.0,1.0,1.0
1.439152,0.001404,8388608.0,1.0,1.0
1.44056,0.001393,8388608.0,1.0,1.0
1.441957,0.001407,8388608.0,1.0,1.0
1.443367,0.001394,8388608.0,1.0,1.0
1.444763,0.001402,8388608.0,1.0,1.0
1.446168,0.001406,8388608.0,1.0,1.0
1.447576,0.001406,8388608.0,1.0,1.0
1.448986,0.001403,8388608.0,1.0,1.0
1.450393,0.001396,8388608.0,1.0,1.0
1.451791,0.001396,8388608.0,1.0,1.0
1.45319,0.001404,8388608.0,1.0,1.0
1.454597,0.001405,8388608.0,1.0,1.0
1.456006,0.001401,8388608.0,1.0,1.0
1.457409,0.001395,8388608.0,1.0,1.0
1.458807,0.001394,8388608.0,1.0,1.0
1.460203,0.001391,8388608.0,1.0,1.0
1.461596,0.001407,8388608.0,1.0,1.0
1.463006,0.001408,8388608.0,1.0,1.0
1.464418,0.001392,8388608.0,1.0,1.0
1.465812,0.001402,8388608.0,1.0,1.0
1.467217,0.001393,8388608.0,1.0,1.0
1.468612,0.001403,8388608.0,1.0,1.0
1.470018,0.001386,8388608.0,1.0,1.0
1.471407,0.001392,8388608.0,1.0,1.0
1.472801,0.001397,8388608.0,1.0,1.0
1.474201,0.001407,8388608.0,1.0,1.0
1.475611,0.001394,8388608.0,1.0,1.0
1.477007,0.001404,8388608.0,1.0,1.0
1.478413,0.001398,8388608.0,1.0,1.0
1.479816,0.001394,8388608.0,1.0,1.0
1.481215,0.001392,8388608.0,1.0,1.0
1.482609,0.00139,8388608.0,1.0,1.0
1.484003,0.001404,8388608.0,1.0,1.0
1.485411,0.0014,8388608.0,1.0,1.0
1.486813,0.00139,8388608.0,1.0,1.0
1.488205,0.001395,8388608.0,1.0,1.0
1.489603,0.001407,8388608.0,1.0,1.0
1.491012,0.001402,8388608.0,1.0,1.0
1.492417,0.001402,8388608.0,1.0,1.0
1.493822,0.001394,8388608.0,1.0,1.0
1.495218,0.001402,8388608.0,1.0,1.0
1.496624,0.001393,8388608.0,1.0,1.0
1.498019,0.001397,8388608.0,1.0,1.0
1.499418,0.001395,8388608.0,1.0,1.0
1.500817,0.001405,8388608.0,1.0,1.0
1.502224,0.001396,8388608.0,1.0,1.0
1.503623,0.001395,8388608.0,1.0,1.0
1.50502,0.001406,8388608.0,1.0,1.0
1.506428,0.001396,8388608.0,1.0,1.0
1.507826,0.001392,8388608.0,1.0,1.0
1.509221,0.001397,8388608.0,1.0,1.0
1.510622,0.001391,8388608.0,1.0,1.0
1.512016,0.00139,8388608.0,1.0,1.0
1.513409,0.001404,8388608.0,1.0,1.0
1.514816,0.001399,8388608.0,1.0,1.0
1.516217,0.001397,8388608.0,1.0,1.0
1.517616,0.001394,8388608.0,1.0,1.0
1.519013,0.001405,8388608.0,1.0,1.0
1.520421,0.001404,8388608.0,1.0,1.0
1.521828,0.001394,8388608.0,1.0,1.0
1.523225,0.001395,8388608.0,1.0,1.0
1.524622,0.001406,8388608.0,1.0,1.0
1.526031,0.001405,8388608.0,1.0,1.0
1.52744,0.001398,8388608.0,1.0,1.0
1.52884,0.001406,8388608.0,1.0,1.0
1.530249,0.001396,8388608.0,1.0,1.0
1.531647,0.001404,8388608.0,1.0,1.0
1.533056,0.001406,8388608.0,1.0,1.0
1.534466,0.001402,8388608.0,1.0,1.0
1.535871,0.001404,8388608.0,1.0,1.0
1.537278,0.001396,8388608.0,1.0,1.0
1.538676,0.001398,8388608.0,1.0,1.0
1.540079,0.001402,8388608.0,1.0,1.0
1.541485,0.001404,8388608.0,1.0,1.0
1.542891,0.001404,8388608.0,1.0,1.0
1.544298,0.001401,8388608.0,1.0,1.0
1.545701,0.001395,8388608.0,1.0,1.0
1.547098,0.001397,8388608.0,1.0,1.0
1.548498,0.001392,8388608.0,1.0,1.0
1.549894,0.001397,8388608.0,1.0,1.0
1.551294,0.001409,8388608.0,1.0,1.0
1.552705,0.001393,8388608.0,1.0,1.0
1.5541,0.001395,8388608.0,1.0,1.0
1.555498,0.001406,8388608.0,1.0,1.0
1.570219,0.001389,8388608.0,1.0,1.0
1.571612,0.00139,8388608.0,1.0,1.0
1.573005,0.001394,8388608.0,1.0,1.0
1.574402,0.001388,8388608.0,1.0,1.0
1.575792,0.001391,8388608.0,1.0,1.0
1.577185,0.001398,8388608.0,1.0,1.0
1.578588,0.001393,8388608.0,1.0,1.0
1.579983,0.001391,8388608.0,1.0,1.0
1.581377,0.001396,8388608.0,1.0,1.0
1.582775,0.001391,8388608.0,1.0,1.0
1.584169,0.001398,8388608.0,1.0,1.0
1.585569,0.001394,8388608.0,1.0,1.0
1.586965,0.001391,8388608.0,1.0,1.0
1.588361,0.001392,8388608.0,1.0,1.0
1.589755,0.001395,8388608.0,1.0,1.0
1.591152,0.00139,8388608.0,1.0,1.0
1.592546,0.00139,8388608.0,1.0,1.0
1.593939,0.001396,8388608.0,1.0,1.0
1.595339,0.001395,8388608.0,1.0,1.0
1.596736,0.001388,8388608.0,1.0,1.0
1.598126,0.001397,8388608.0,1.0,1.0
1.599526,0.001396,8388608.0,1.0,1.0
1.600925,0.001397,8388608.0,1.0,1.0
1.602325,0.001386,8388608.0,1.0,1.0
1.603714,0.00139,8388608.0,1.0,1.0
1.605106,0.001398,8388608.0,1.0,1.0
1.606508,0.0014,8388608.0,1.0,1.0
1.60791,0.001397,8388608.0,1.0,1.0
1.609311,0.001394,8388608.0,1.0,1.0
1.610709,0.001394,8388608.0,1.0,1.0
1.612107,0.00139,8388608.0,1.0,1.0
1.6135,0.00139,8388608.0,1.0,1.0
1.614892,0.001396,8388608.0,1.0,1.0
1.616291,0.001394,8388608.0,1.0,1.0
1.617689,0.001393,8388608.0,1.0,1.0
1.619086,0.001392,8388608.0,1.0,1.0
1.62048,0.001398,8388608.0,1.0,1.0
1.621882,0.001394,8388608.0,1.0,1.0
1.623281,0.00139,8388608.0,1.0,1.0
1.624673,0.001391,8388608.0,1.0,1.0
1.626067,0.001393,8388608.0,1.0,1.0
1.627462,0.001397,8388608.0,1.0,1.0
1.628862,0.001386,8388608.0,1.0,1.0
1.630251,0.001389,8388608.0,1.0,1.0
1.631642,0.001401,8388608.0,1.0,1.0
1.633045,0.001394,8388608.0,1.0,1.0
1.63444,0.001396,8388608.0,1.0,1.0
1.635839,0.001392,8388608.0,1.0,1.0
1.637233,0.001398,8388608.0,1.0,1.0
1.638635,0.001393,8388608.0,1.0,1.0
1.640031,0.001393,8388608.0,1.0,1.0
1.641426,0.001399,8388608.0,1.0,1.0
1.642828,0.00139,8388608.0,1.0,1.0
1.64422,0.001399,8388608.0,1.0,1.0
1.645622,0.001402,8388608.0,1.0,1.0
1.647026,0.001398,8388608.0,1.0,1.0
1.648426,0.001389,8388608.0,1.0,1.0
1.649818,0.001393,8388608.0,1.0,1.0
1.651214,0.001395,8388608.0,1.0,1.0
1.652612,0.0014,8388608.0,1.0,1.0
1.654014,0.001389,8388608.0,1.0,1.0
1.655405,0.001398,8388608.0,1.0,1.0
1.656805,0.001397,8388608.0,1.0,1.0
1.658206,0.001391,8388608.0,1.0,1.0
1.659601,0.001393,8388608.0,1.0,1.0
1.660996,0.00139,8388608.0,1.0,1.0
1.66239,0.0014,8388608.0,1.0,1.0
1.663794,0.001396,8388608.0,1.0,1.0
1.665192,0.001392,8388608.0,1.0,1.0
1.666586,0.001398,8388608.0,1.0,1.0
1.667986,0.001394,8388608.0,1.0,1.0
1.669383,0.001392,8388608.0,1.0,1.0
1.670777,0.001391,8388608.0,1.0,1.0
1.672171,0.001401,8388608.0,1.0,1.0
1.673575,0.001392,8388608.0,1.0,1.0
1.674969,0.00139,8388608.0,1.0,1.0
1.676362,0.001391,8388608.0,1.0,1.0
1.677756,0.001396,8388608.0,1.0,1.0
1.679154,0.001397,8388608.0,1.0,1.0
1.680554,0.00139,8388608.0,1.0,1.0
1.681946,0.001394,8388608.0,1.0,1.0
1.683345,0.00139,8388608.0,1.0,1.0
1.684738,0.001397,8388608.0,1.0,1.0
1.686137,0.001393,8388608.0,1.0,1.0
1.687535,0.001401,8388608.0,1.0,1.0
1.688938,0.0014,8388608.0,1.0,1.0
1.69034,0.001389,8388608.0,1.0,1.0
1.691731,0.001386,8388608.0,1.0,1.0
1.693119,0.001395,8388608.0,1.0,1.0
1.694517,0.001389,8388608.0,1.0,1.0
1.695909,0.001392,8388608.0,1.0,1.0
1.697304,0.001397,8388608.0,1.0,1.0
1.698703,0.001396,8388608.0,1.0,1.0
1.700102,0.00139,8388608.0,1.0,1.0
1.701494,0.001398,8388608.0,1.0,1.0
1.702894,0.001389,8388608.0,1.0,1.0
1.704288,0.001399,8388608.0,1.0,1.0
1.70569,0.001391,8388608.0,1.0,1.0
1.707084,0.001392,8388608.0,1.0,1.0
1.708478,0.001394,8388608.0,1.0,1.0
1.723622,0.00138,8388608.0,1.0,1.0
1.725004,0.001378,8388608.0,1.0,1.0
1.726384,0.001379,8388608.0,1.0,1.0
1.727765,0.001384,8388608.0,1.0,1.0
1.729153,0.001384,8388608.0,1.0,1.0
1.730539,0.001379,8388608.0,1.0,1.0
1.731921,0.001383,8388608.0,1.0,1.0
1.733308,0.00138,8388608.0,1.0,1.0
1.73469,0.001379,8388608.0,1.0,1.0
1.736072,0.001381,8388608.0,1.0,1.0
1.737456,0.001383,8388608.0,1.0,1.0
1.738842,0.001386,8388608.0,1.0,1.0
1.74023,0.001377,8388608.0,1.0,1.0
1.74161,0.00138,8388608.0,1.0,1.0
1.742993,0.001384,8388608.0,1.0,1.0
1.74438,0.001379,8388608.0,1.0,1.0
1.745763,0.001381,8388608.0,1.0,1.0
1.747148,0.001376,8388608.0,1.0,1.0
1.748529,0.00138,8388608.0,1.0,1.0
1.749913,0.001379,8388608.0,1.0,1.0
1.751294,0.001383,8388608.0,1.0,1.0
1.75268,0.001379,8388608.0,1.0,1.0
1.754062,0.001377,8388608.0,1.0,1.0
1.755442,0.001378,8388608.0,1.0,1.0
1.756824,0.001382,8388608.0,1.0,1.0
1.758209,0.001376,8388608.0,1.0,1.0
1.759588,0.001379,8388608.0,1.0,1.0
1.760969,0.001376,8388608.0,1.0,1.0
1.762349,0.001379,8388608.0,1.0,1.0
1.76373,0.001378,8388608.0,1.0,1.0
1.765113,0.001382,8388608.0,1.0,1.0
1.766498,0.001377,8388608.0,1.0,1.0
1.767878,0.001378,8388608.0,1.0,1.0
1.769258,0.00138,8388608.0,1.0,1.0
1.770641,0.001378,8388608.0,1.0,1.0
1.772023,0.001377,8388608.0,1.0,1.0
1.773403,0.001383,8388608.0,1.0,1.0
1.77479,0.00138,8388608.0,1.0,1.0
1.776173,0.001378,8388608.0,1.0,1.0
1.777555,0.001379,8388608.0,1.0,1.0
1.778936,0.001378,8388608.0,1.0,1.0
1.780319,0.001376,8388608.0,1.0,1.0
1.781699,0.001376,8388608.0,1.0,1.0
1.783078,0.001377,8388608.0,1.0,1.0
1.784457,0.001382,8388608.0,1.0,1.0
1.785842,0.001379,8388608.0,1.0,1.0
1.787224,0.00138,8388608.0,1.0,1.0
1.788608,0.001379,8388608.0,1.0,1.0
1.78999,0.001376,8388608.0,1.0,1.0
1.791369,0.001379,8388608.0,1.0,1.0
1.792751,0.001378,8388608.0,1.0,1.0
1.794132,0.001376,8388608.0,1.0,1.0
1.79551,0.00138,8388608.0,1.0,1.0
1.796893,0.001379,8388608.0,1.0,1.0
1.798275,0.001381,8388608.0,1.0,1.0
1.799659,0.001376,8388608.0,1.0,1.0
1.801038,0.001378,8388608.0,1.0,1.0
1.802418,0.001382,8388608.0,1.0,1.0
1.803802,0.001379,8388608.0,1.0,1.0
1.805184,0.00138,8388608.0,1.0,1.0
1.806566,0.001379,8388608.0,1.0,1.0
1.807948,0.001385,8388608.0,1.0,1.0
1.809337,0.001384,8388608.0,1.0,1.0
1.810725,0.00138,8388608.0,1.0,1.0
1.812108,0.001378,8388608.0,1.0,1.0
1.813488,0.001376,8388608.0,1.0,1.0
1.814867,0.001381,8388608.0,1.0,1.0
1.816251,0.001379,8388608.0,1.0,1.0
1.817632,0.001376,8388608.0,1.0,1.0
1.819012,0.001377,8388608.0,1.0,1.0
1.820392,0.001385,8388608.0,1.0,1.0
1.821778,0.00138,8388608.0,1.0,1.0
1.823161,0.00138,8388608.0,1.0,1.0
1.824545,0.001377,8388608.0,1.0,1.0
1.825924,0.001381,8388608.0,1.0,1.0
1.82731,0.001376,8388608.0,1.0,1.0
1.828688,0.001379,8388608.0,1.0,1.0
1.830069,0.001376,8388608.0,1.0,1.0
1.831448,0.001379,8388608.0,1.0,1.0
1.832829,0.001377,8388608.0,1.0,1.0
1.834209,0.001379,8388608.0,1.0,1.0
1.83559,0.001379,8388608.0,1.0,1.0
1.836972,0.001382,8388608.0,1.0,1.0
1.838356,0.001378,8388608.0,1.0,1.0
1.839737,0.001379,8388608.0,1.0,1.0
1.84112,0.00138,8388608.0,1.0,1.0
1.842502,0.001375,8388608.0,1.0,1.0
1.84388,0.001383,8388608.0,1.0,1.0
1.845265,0.001376,8388608.0,1.0,1.0
1.846643,0.001379,8388608.0,1.0,1.0
1.848025,0.001377,8388608.0,1.0,1.0
1.849405,0.001377,8388608.0,1.0,1.0
1.850786,0.001376,8388608.0,1.0,1.0
1.852165,0.001379,8388608.0,1.0,1.0
1.853547,0.001378,8388608.0,1.0,1.0
1.854928,0.001382,8388608.0,1.0,1.0
1.856312,0.001378,8388608.0,1.0,1.0
1.857692,0.001375,8388608.0,1.0,1.0
1.85907,0.001377,8388608.0,1.0,1.0
1.860449,0.00138,8388608.0,1.0,1.0
1.875144,0.001417,8388608.0,1.0,1.0
1.876564,0.001414,8388608.0,1.0,1.0
1.877981,0.001419,8388608.0,1.0,1.0
1.879403,0.001412,8388608.0,1.0,1.0
1.880817,0.001415,8388608.0,1.0,1.0
1.882236,0.00142,8388608.0,1.0,1.0
1.88366,0.001419,8388608.0,1.0,1.0
1.885081,0.001415,8388608.0,1.0,1.0
1.886499,0.001413,8388608.0,1.0,1.0
1.887914,0.001415,8388608.0,1.0,1.0
1.889332,0.001417,8388608.0,1.0,1.0
1.890752,0.001415,8388608.0,1.0,1.0
1.89217,0.001411,8388608.0,1.0,1.0
1.893583,0.001419,8388608.0,1.0,1.0
1.895004,0.001416,8388608.0,1.0,1.0
1.896422,0.001415,8388608.0,1.0,1.0
1.897839,0.001417,8388608.0,1.0,1.0
1.899259,0.001414,8388608.0,1.0,1.0
1.900678,0.001418,8388608.0,1.0,1.0
1.902098,0.001415,8388608.0,1.0,1.0
1.903516,0.001413,8388608.0,1.0,1.0
1.904932,0.001413,8388608.0,1.0,1.0
1.906347,0.001415,8388608.0,1.0,1.0
1.907764,0.00141,8388608.0,1.0,1.0
1.909177,0.001417,8388608.0,1.0,1.0
1.910596,0.001414,8388608.0,1.0,1.0
1.912013,0.001416,8388608.0,1.0,1.0
1.913433,0.00142,8388608.0,1.0,1.0
1.914856,0.001413,8388608.0,1.0,1.0
1.916271,0.001415,8388608.0,1.0,1.0
1.917689,0.001419,8388608.0,1.0,1.0
1.919111,0.001415,8388608.0,1.0,1.0
1.920529,0.001423,8388608.0,1.0,1.0
1.921954,0.001416,8388608.0,1.0,1.0
1.923374,0.001413,8388608.0,1.0,1.0
1.924789,0.001418,8388608.0,1.0,1.0
1.92621,0.001415,8388608.0,1.0,1.0
1.927627,0.001412,8388608.0,1.0,1.0
1.929043,0.001416,8388608.0,1.0,1.0
1.930463,0.001415,8388608.0,1.0,1.0
1.93188,0.001416,8388608.0,1.0,1.0
1.933299,0.001416,8388608.0,1.0,1.0
1.934717,0.001417,8388608.0,1.0,1.0
1.936136,0.001418,8388608.0,1.0,1.0
1.937557,0.001418,8388608.0,1.0,1.0
1.938978,0.001413,8388608.0,1.0,1.0
1.940394,0.001415,8388608.0,1.0,1.0
1.941813,0.001411,8388608.0,1.0,1.0
1.943226,0.00142,8388608.0,1.0,1.0
1.94465,0.001415,8388608.0,1.0,1.0
1.946068,0.001415,8388608.0,1.0,1.0
1.947485,0.001414,8388608.0,1.0,1.0
1.948902,0.001416,8388608.0,1.0,1.0
1.950322,0.001416,8388608.0,1.0,1.0
1.951741,0.001416,8388608.0,1.0,1.0
1.95316,0.001416,8388608.0,1.0,1.0
1.954578,0.001417,8388608.0,1.0,1.0
1.955999,0.001414,8388608.0,1.0,1.0
1.957415,0.001412,8388608.0,1.0,1.0
1.958829,0.001416,8388608.0,1.0,1.0
1.960247,0.001414,8388608.0,1.0,1.0
1.961664,0.001415,8388608.0,1.0,1.0
1.963082,0.001416,8388608.0,1.0,1.0
1.9645,0.001413,8388608.0,1.0,1.0
1.965916,0.00142,8388608.0,1.0,1.0
1.967339,0.001419,8388608.0,1.0,1.0
1.96876,0.001416,8388608.0,1.0,1.0
1.970178,0.001409,8388608.0,1.0,1.0
1.971591,0.001414,8388608.0,1.0,1.0
1.973007,0.001418,8388608.0,1.0,1.0
1.974428,0.00141,8388608.0,1.0,1.0
1.97584,0.00141,8388608.0,1.0,1.0
1.977255,0.001412,8388608.0,1.0,1.0
1.97867,0.001417,8388608.0,1.0,1.0
1.980091,0.001412,8388608.0,1.0,1.0
1.981506,0.001414,8388608.0,1.0,1.0
1.982922,0.001416,8388608.0,1.0,1.0
1.98434,0.001413,8388608.0,1.0,1.0
1.985757,0.001418,8388608.0,1.0,1.0
1.987177,0.001417,8388608.0,1.0,1.0
1.988596,0.00142,8388608.0,1.0,1.0
1.990018,0.001419,8388608.0,1.0,1.0
1.991442,0.001414,8388608.0,1.0,1.0
1.992858,0.001411,8388608.0,1.0,1.0
1.994273,0.001417,8388608.0,1.0,1.0
1.995692,0.001416,8388608.0,1.0,1.0
1.997112,0.001412,8388608.0,1.0,1.0
1.998527,0.001415,8388608.0,1.0,1.0
1.999945,0.001414,8388608.0,1.0,1.0
2.001362,0.001412,8388608.0,1.0,1.0
2.002777,0.001418,8388608.0,1.0,1.0
2.004197,0.001415,8388608.0,1.0,1.0
2.005615,0.001416,8388608.0,1.0,1.0
2.007033,0.001417,8388608.0,1.0,1.0
2.008453,0.001412,8388608.0,1.0,1.0
2.009867,0.001418,8388608.0,1.0,1.0
2.011287,0.001417,8388608.0,1.0,1.0
2.012707,0.001414,8388608.0,1.0,1.0
2.014123,0.001417,8388608.0,1.0,1.0
2.015543,0.001418,8388608.0,1.0,1.0
2.030283,0.001477,8388608.0,1.0,1.0
2.031763,0.001479,8388608.0,1.0,1.0
2.033244,0.001479,8388608.0,1.0,1.0
2.034726,0.001479,8388608.0,1.0,1.0
2.036207,0.001477,8388608.0,1.0,1.0
2.037688,0.001479,8388608.0,1.0,1.0
2.039171,0.001478,8388608.0,1.0,1.0
2.040653,0.001479,8388608.0,1.0,1.0
2.042135,0.001478,8388608.0,1.0,1.0
2.043617,0.001479,8388608.0,1.0,1.0
2.045098,0.001479,8388608.0,1.0,1.0
2.046579,0.00148,8388608.0,1.0,1.0
2.048062,0.001479,8388608.0,1.0,1.0
2.049544,0.001479,8388608.0,1.0,1.0
2.051026,0.00148,8388608.0,1.0,1.0
2.052508,0.001477,8388608.0,1.0,1.0
2.05399,0.001478,8388608.0,1.0,1.0
2.055471,0.001478,8388608.0,1.0,1.0
2.056951,0.001479,8388608.0,1.0,1.0
2.058433,0.001479,8388608.0,1.0,1.0
2.059915,0.001481,8388608.0,1.0,1.0
2.061398,0.001478,8388608.0,1.0,1.0
2.062879,0.001478,8388608.0,1.0,1.0
2.064361,0.001479,8388608.0,1.0,1.0
2.065845,0.001479,8388608.0,1.0,1.0
2.067327,0.00148,8388608.0,1.0,1.0
2.06881,0.001479,8388608.0,1.0,1.0
2.070291,0.001477,8388608.0,1.0,1.0
2.071772,0.001478,8388608.0,1.0,1.0
2.073254,0.001479,8388608.0,1.0,1.0
2.074736,0.001479,8388608.0,1.0,1.0
2.076218,0.001479,8388608.0,1.0,1.0
2.077699,0.001479,8388608.0,1.0,1.0
2.079181,0.001479,8388608.0,1.0,1.0
2.080663,0.001478,8388608.0,1.0,1.0
2.082144,0.001478,8388608.0,1.0,1.0
2.083625,0.001478,8388608.0,1.0,1.0
2.085105,0.001478,8388608.0,1.0,1.0
2.086585,0.001478,8388608.0,1.0,1.0
2.088065,0.001477,8388608.0,1.0,1.0
2.089545,0.001479,8388608.0,1.0,1.0
2.091027,0.001478,8388608.0,1.0,1.0
2.092508,0.001479,8388608.0,1.0,1.0
2.093989,0.001478,8388608.0,1.0,1.0
2.09547,0.001479,8388608.0,1.0,1.0
2.096951,0.001478,8388608.0,1.0,1.0
2.098432,0.001477,8388608.0,1.0,1.0
2.099912,0.001479,8388608.0,1.0,1.0
2.101394,0.00148,8388608.0,1.0,1.0
2.102876,0.001479,8388608.0,1.0,1.0
2.104357,0.00148,8388608.0,1.0,1.0
2.105839,0.001478,8388608.0,1.0,1.0
2.10732,0.00148,8388608.0,1.0,1.0
2.108802,0.001478,8388608.0,1.0,1.0
2.110284,0.001478,8388608.0,1.0,1.0
2.111766,0.00148,8388608.0,1.0,1.0
2.113248,0.001479,8388608.0,1.0,1.0
2.114729,0.001479,8388608.0,1.0,1.0
2.11621,0.001477,8388608.0,1.0,1.0
2.11769,0.001478,8388608.0,1.0,1.0
2.119171,0.001477,8388608.0,1.0,1.0
2.120652,0.001478,8388608.0,1.0,1.0
2.122134,0.001479,8388608.0,1.0,1.0
2.123614,0.001477,8388608.0,1.0,1.0
2.125094,0.001478,8388608.0,1.0,1.0
2.126574,0.001479,8388608.0,1.0,1.0
2.128055,0.001477,8388608.0,1.0,1.0
2.129535,0.001478,8388608.0,1.0,1.0
2.131017,0.001478,8388608.0,1.0,1.0
2.132498,0.001478,8388608.0,1.0,1.0
2.133978,0.001479,8388608.0,1.0,1.0
2.135461,0.001479,8388608.0,1.0,1.0
2.136943,0.001479,8388608.0,1.0,1.0
2.138425,0.001477,8388608.0,1.0,1.0
2.139904,0.001477,8388608.0,1.0,1.0
2.141384,0.001477,8388608.0,1.0,1.0
2.142866,0.001478,8388608.0,1.0,1.0
2.144347,0.001477,8388608.0,1.0,1.0
2.145827,0.001478,8388608.0,1.0,1.0
2.147307,0.001478,8388608.0,1.0,1.0
2.148787,0.001477,8388608.0,1.0,1.0
2.150267,0.001479,8388608.0,1.0,1.0
2.151749,0.001478,8388608.0,1.0,1.0
2.153229,0.001477,8388608.0,1.0,1.0
2.154709,0.001478,8388608.0,1.0,1.0
2.156189,0.001477,8388608.0,1.0,1.0
2.157669,0.001478,8388608.0,1.0,1.0
2.159149,0.001477,8388608.0,1.0,1.0
2.160629,0.001479,8388608.0,1.0,1.0
2.16211,0.001477,8388608.0,1.0,1.0
2.16359,0.001478,8388608.0,1.0,1.0
2.165072,0.001478,8388608.0,1.0,1.0
2.166553,0.001478,8388608.0,1.0,1.0
2.168034,0.001477,8388608.0,1.0,1.0
2.169515,0.001478,8388608.0,1.0,1.0
2.170995,0.001479,8388608.0,1.0,1.0
2.172478,0.001479,8388608.0,1.0,1.0
2.173959,0.001479,8388608.0,1.0,1.0
2.175441,0.001479,8388608.0,1.0,1.0
2.176923,0.001477,8388608.0,1.0,1.0
2.191738,0.0016,8388608.0,1.0,1.0
2.193342,0.001601,8388608.0,1.0,1.0
2.194947,0.001602,8388608.0,1.0,1.0
2.196551,0.001601,8388608.0,1.0,1.0
2.198155,0.001602,8388608.0,1.0,1.0
2.19976,0.001602,8388608.0,1.0,1.0
2.201364,0.001602,8388608.0,1.0,1.0
2.202971,0.001601,8388608.0,1.0,1.0
2.204574,0.001602,8388608.0,1.0,1.0
2.20618,0.001602,8388608.0,1.0,1.0
2.207785,0.001602,8388608.0,1.0,1.0
2.209391,0.001603,8388608.0,1.0,1.0
2.210996,0.001602,8388608.0,1.0,1.0
2.2126,0.001602,8388608.0,1.0,1.0
2.214205,0.001602,8388608.0,1.0,1.0
2.215809,0.001602,8388608.0,1.0,1.0
2.217414,0.001602,8388608.0,1.0,1.0
2.219021,0.001602,8388608.0,1.0,1.0
2.220627,0.001602,8388608.0,1.0,1.0
2.222232,0.001602,8388608.0,1.0,1.0
2.223836,0.001602,8388608.0,1.0,1.0
2.22544,0.001601,8388608.0,1.0,1.0
2.227044,0.001602,8388608.0,1.0,1.0
2.228649,0.001602,8388608.0,1.0,1.0
2.230254,0.001603,8388608.0,1.0,1.0
2.231859,0.001602,8388608.0,1.0,1.0
2.233464,0.001602,8388608.0,1.0,1.0
2.235069,0.001602,8388608.0,1.0,1.0
2.236673,0.001602,8388608.0,1.0,1.0
2.238279,0.001602,8388608.0,1.0,1.0
2.239885,0.001602,8388608.0,1.0,1.0
2.241491,0.001602,8388608.0,1.0,1.0
2.243095,0.001602,8388608.0,1.0,1.0
2.244699,0.001602,8388608.0,1.0,1.0
2.246305,0.001602,8388608.0,1.0,1.0
2.247909,0.001601,8388608.0,1.0,1.0
2.249515,0.001602,8388608.0,1.0,1.0
2.251119,0.001602,8388608.0,1.0,1.0
2.252725,0.001603,8388608.0,1.0,1.0
2.254332,0.001602,8388608.0,1.0,1.0
2.255937,0.001602,8388608.0,1.0,1.0
2.257543,0.001602,8388608.0,1.0,1.0
2.259149,0.001602,8388608.0,1.0,1.0
2.260754,0.001603,8388608.0,1.0,1.0
2.262359,0.001602,8388608.0,1.0,1.0
2.263965,0.001603,8388608.0,1.0,1.0
2.26557,0.001602,8388608.0,1.0,1.0
2.267175,0.001602,8388608.0,1.0,1.0
2.26878,0.001602,8388608.0,1.0,1.0
2.270386,0.001602,8388608.0,1.0,1.0
2.271991,0.001601,8388608.0,1.0,1.0
2.273596,0.001602,8388608.0,1.0,1.0
2.275201,0.001602,8388608.0,1.0,1.0
2.276805,0.001602,8388608.0,1.0,1.0
2.27841,0.001602,8388608.0,1.0,1.0
2.280015,0.001602,8388608.0,1.0,1.0
2.281619,0.001601,8388608.0,1.0,1.0
2.283223,0.001602,8388608.0,1.0,1.0
2.284827,0.001602,8388608.0,1.0,1.0
2.286431,0.001602,8388608.0,1.0,1.0
2.288035,0.001602,8388608.0,1.0,1.0
2.28964,0.001602,8388608.0,1.0,1.0
2.291244,0.001602,8388608.0,1.0,1.0
2.292849,0.001602,8388608.0,1.0,1.0
2.294453,0.001601,8388608.0,1.0,1.0
2.296056,0.001602,8388608.0,1.0,1.0
2.297662,0.001602,8388608.0,1.0,1.0
2.299267,0.001602,8388608.0,1.0,1.0
2.300872,0.001602,8388608.0,1.0,1.0
2.302478,0.001602,8388608.0,1.0,1.0
2.304082,0.001601,8388608.0,1.0,1.0
2.305687,0.001602,8388608.0,1.0,1.0
2.307293,0.001602,8388608.0,1.0,1.0
2.308897,0.001602,8388608.0,1.0,1.0
2.310502,0.001601,8388608.0,1.0,1.0
2.312105,0.001603,8388608.0,1.0,1.0
2.31371,0.001602,8388608.0,1.0,1.0
2.315314,0.001602,8388608.0,1.0,1.0
2.316918,0.001602,8388608.0,1.0,1.0
2.318524,0.001603,8388608.0,1.0,1.0
2.320129,0.001602,8388608.0,1.0,1.0
2.321735,0.001603,8388608.0,1.0,1.0
2.32334,0.001602,8388608.0,1.0,1.0
2.324944,0.001602,8388608.0,1.0,1.0
2.326551,0.001602,8388608.0,1.0,1.0
2.328155,0.001602,8388608.0,1.0,1.0
2.329759,0.001601,8388608.0,1.0,1.0
2.331363,0.001602,8388608.0,1.0,1.0
2.332968,0.001602,8388608.0,1.0,1.0
2.334572,0.001601,8388608.0,1.0,1.0
2.336177,0.001602,8388608.0,1.0,1.0
2.337782,0.001602,8388608.0,1.0,1.0
2.339387,0.001602,8388608.0,1.0,1.0
2.340991,0.001602,8388608.0,1.0,1.0
2.342595,0.001601,8388608.0,1.0,1.0
2.344199,0.001602,8388608.0,1.0,1.0
2.345803,0.001602,8388608.0,1.0,1.0
2.347407,0.001602,8388608.0,1.0,1.0
2.349012,0.001602,8388608.0,1.0,1.0
2.350617,0.001602,8388608.0,1.0,1.0
2.365555,0.001601,8388608.0,1.0,1.0
2.367159,4.5e-05,32768.0,1.0,1.0
2.367207,0.001388,8388608.0,1.0,1.0
2.368598,0.001602,8388608.0,1.0,1.0
2.370202,4.5e-05,32768.0,1.0,1.0
2.370249,0.001385,8388608.0,1.0,1.0
2.371639,0.001601,8388608.0,1.0,1.0
2.373243,4.6e-05,32768.0,1.0,1.0
2.373291,0.00141,8388608.0,1.0,1.0
2.374703,0.001601,8388608.0,1.0,1.0
2.376306,4.5e-05,32768.0,1.0,1.0
2.376355,0.0014,8388608.0,1.0,1.0
2.377758,0.001601,8388608.0,1.0,1.0
2.379362,4.6e-05,32768.0,1.0,1.0
2.37941,0.001383,8388608.0,1.0,1.0
2.380796,0.001602,8388608.0,1.0,1.0
2.3824,4.5e-05,32768.0,1.0,1.0
2.382448,0.001395,8388608.0,1.0,1.0
2.383846,0.001601,8388608.0,1.0,1.0
2.38545,4.5e-05,32768.0,1.0,1.0
2.385497,0.001387,8388608.0,1.0,1.0
2.386888,0.001602,8388608.0,1.0,1.0
2.388495,4.5e-05,32768.0,1.0,1.0
2.388542,0.001384,8388608.0,1.0,1.0
2.389928,0.001602,8388608.0,1.0,1.0
2.391533,4.5e-05,32768.0,1.0,1.0
2.39158,0.001401,8388608.0,1.0,1.0
2.392983,0.001602,8388608.0,1.0,1.0
2.39459,4.6e-05,32768.0,1.0,1.0
2.394638,0.001392,8388608.0,1.0,1.0
2.396035,0.001601,8388608.0,1.0,1.0
2.397638,4.5e-05,32768.0,1.0,1.0
2.397686,0.001387,8388608.0,1.0,1.0
2.399076,0.001601,8388608.0,1.0,1.0
2.400681,4.6e-05,32768.0,1.0,1.0
2.40073,0.001402,8388608.0,1.0,1.0
2.402134,0.001601,8388608.0,1.0,1.0
2.403739,4.5e-05,32768.0,1.0,1.0
2.403788,0.001387,8388608.0,1.0,1.0
2.405178,0.001602,8388608.0,1.0,1.0
2.406783,4.4e-05,32768.0,1.0,1.0
2.406831,0.001402,8388608.0,1.0,1.0
2.408237,0.001602,8388608.0,1.0,1.0
2.409841,4.5e-05,32768.0,1.0,1.0
2.40989,0.001396,8388608.0,1.0,1.0
2.411288,0.001601,8388608.0,1.0,1.0
2.412893,4.5e-05,32768.0,1.0,1.0
2.412941,0.001385,8388608.0,1.0,1.0
2.414329,0.001602,8388608.0,1.0,1.0
2.415934,4.5e-05,32768.0,1.0,1.0
2.415981,0.001384,8388608.0,1.0,1.0
2.417368,0.001601,8388608.0,1.0,1.0
2.418972,4.5e-05,32768.0,1.0,1.0
2.419021,0.001384,8388608.0,1.0,1.0
2.420408,0.001601,8388608.0,1.0,1.0
2.422012,4.4e-05,32768.0,1.0,1.0
2.42206,0.001399,8388608.0,1.0,1.0
2.423463,0.001601,8388608.0,1.0,1.0
2.425067,4.5e-05,32768.0,1.0,1.0
2.425115,0.001389,8388608.0,1.0,1.0
2.426507,0.001601,8388608.0,1.0,1.0
2.428111,4.5e-05,32768.0,1.0,1.0
2.428159,0.00139,8388608.0,1.0,1.0
2.429551,0.001601,8388608.0,1.0,1.0
2.431155,4.5e-05,32768.0,1.0,1.0
2.431203,0.001396,8388608.0,1.0,1.0
2.432603,0.001602,8388608.0,1.0,1.0
2.434208,4.5e-05,32768.0,1.0,1.0
2.434257,0.001392,8388608.0,1.0,1.0
2.435651,0.001601,8388608.0,1.0,1.0
2.437255,4.5e-05,32768.0,1.0,1.0
2.437302,0.001384,8388608.0,1.0,1.0
2.438688,0.001602,8388608.0,1.0,1.0
2.440293,4.5e-05,32768.0,1.0,1.0
2.44034,0.001386,8388608.0,1.0,1.0
2.441728,0.001601,8388608.0,1.0,1.0
2.443332,4.6e-05,32768.0,1.0,1.0
2.44338,0.001386,8388608.0,1.0,1.0
2.444769,0.001602,8388608.0,1.0,1.0
2.446373,4.5e-05,32768.0,1.0,1.0
2.446421,0.001385,8388608.0,1.0,1.0
2.447808,0.001601,8388608.0,1.0,1.0
2.449412,4.5e-05,32768.0,1.0,1.0
2.44946,0.001394,8388608.0,1.0,1.0
2.450856,0.001602,8388608.0,1.0,1.0
2.452461,4.6e-05,32768.0,1.0,1.0
2.452509,0.001386,8388608.0,1.0,1.0
2.453897,0.001603,8388608.0,1.0,1.0
2.455502,4.4e-05,32768.0,1.0,1.0
2.45555,0.001391,8388608.0,1.0,1.0
2.456944,0.001601,8388608.0,1.0,1.0
2.458549,4.6e-05,32768.0,1.0,1.0
2.458597,0.001401,8388608.0,1.0,1.0
2.46,0.001602,8388608.0,1.0,1.0
2.461605,4.5e-05,32768.0,1.0,1.0
2.461653,0.001383,8388608.0,1.0,1.0
2.463039,0.001601,8388608.0,1.0,1.0
2.464642,4.5e-05,32768.0,1.0,1.0
2.464689,0.001389,8388608.0,1.0,1.0
2.466081,0.0016,8388608.0,1.0,1.0
2.467684,4.7e-05,32768.0,1.0,1.0
2.467734,0.001394,8388608.0,1.0,1.0
2.469131,0.001602,8388608.0,1.0,1.0
2.470735,4.6e-05,32768.0,1.0,1.0
2.470784,0.001387,8388608.0,1.0,1.0
2.472175,0.001601,8388608.0,1.0,1.0
2.473778,4.5e-05,32768.0,1.0,1.0
2.473827,0.001394,8388608.0,1.0,1.0
2.475223,0.001602,8388608.0,1.0,1.0
2.476828,4.6e-05,32768.0,1.0,1.0
2.476877,0.001392,8388608.0,1.0,1.0
2.478273,0.001601,8388608.0,1.0,1.0
2.479877,4.6e-05,32768.0,1.0,1.0
2.479925,0.001396,8388608.0,1.0,1.0
2.481324,0.001601,8388608.0,1.0,1.0
2.482929,4.7e-05,32768.0,1.0,1.0
2.482978,0.001401,8388608.0,1.0,1.0
2.484384,0.001601,8388608.0,1.0,1.0
2.485987,4.5e-05,32768.0,1.0,1.0
2.486034,0.001402,8388608.0,1.0,1.0
2.487439,0.001602,8388608.0,1.0,1.0
2.489044,4.6e-05,32768.0,1.0,1.0
2.489092,0.001394,8388608.0,1.0,1.0
2.490488,0.001602,8388608.0,1.0,1.0
2.492092,4.5e-05,32768.0,1.0,1.0
2.492141,0.001398,8388608.0,1.0,1.0
2.493542,0.001601,8388608.0,1.0,1.0
2.495147,4.5e-05,32768.0,1.0,1.0
2.495195,0.001382,8388608.0,1.0,1.0
2.49658,0.001601,8388608.0,1.0,1.0
2.498184,4.5e-05,32768.0,1.0,1.0
2.498233,0.001384,8388608.0,1.0,1.0
2.499619,0.001602,8388608.0,1.0,1.0
2.501223,4.4e-05,32768.0,1.0,1.0
2.501271,0.001388,8388608.0,1.0,1.0
2.502661,0.001602,8388608.0,1.0,1.0
2.504266,4.4e-05,32768.0,1.0,1.0
2.504315,0.001404,8388608.0,1.0,1.0
2.505721,0.001601,8388608.0,1.0,1.0
2.507325,4.5e-05,32768.0,1.0,1.0
2.507373,0.001388,8388608.0,1.0,1.0
2.508763,0.001602,8388608.0,1.0,1.0
2.510369,4.6e-05,32768.0,1.0,1.0
2.510418,0.001409,8388608.0,1.0,1.0
2.511829,0.001602,8388608.0,1.0,1.0
2.513433,4.7e-05,32768.0,1.0,1.0
2.513484,0.001402,8388608.0,1.0,1.0
2.514888,0.001601,8388608.0,1.0,1.0
2.516492,4.5e-05,32768.0,1.0,1.0
2.516539,0.001398,8388608.0,1.0,1.0
2.51794,0.001602,8388608.0,1.0,1.0
2.519546,4.6e-05,32768.0,1.0,1.0
2.519594,0.001384,8388608.0,1.0,1.0
2.520982,0.001602,8388608.0,1.0,1.0
2.522586,4.5e-05,32768.0,1.0,1.0
2.522634,0.001386,8388608.0,1.0,1.0
2.524023,0.001602,8388608.0,1.0,1.0
2.525627,4.6e-05,32768.0,1.0,1.0
2.525677,0.001406,8388608.0,1.0,1.0
2.527085,0.0016,8388608.0,1.0,1.0
2.528688,4.6e-05,32768.0,1.0,1.0
2.528737,0.001397,8388608.0,1.0,1.0
2.530136,0.001601,8388608.0,1.0,1.0
2.531741,4.5e-05,32768.0,1.0,1.0
2.53179,0.001396,8388608.0,1.0,1.0
2.533189,0.001601,8388608.0,1.0,1.0
2.534794,4.6e-05,32768.0,1.0,1.0
2.534843,0.001386,8388608.0,1.0,1.0
2.536231,0.001601,8388608.0,1.0,1.0
2.537834,4.5e-05,32768.0,1.0,1.0
2.537882,0.001401,8388608.0,1.0,1.0
2.539287,0.001602,8388608.0,1.0,1.0
2.540893,4.5e-05,32768.0,1.0,1.0
2.540941,0.001395,8388608.0,1.0,1.0
2.542338,0.001602,8388608.0,1.0,1.0
2.543944,4.6e-05,32768.0,1.0,1.0
2.543994,0.001412,8388608.0,1.0,1.0
2.545408,0.001601,8388608.0,1.0,1.0
2.547012,4.5e-05,32768.0,1.0,1.0
2.547059,0.001398,8388608.0,1.0,1.0
2.54846,0.001601,8388608.0,1.0,1.0
2.550063,4.5e-05,32768.0,1.0,1.0
2.550112,0.001406,8388608.0,1.0,1.0
2.551521,0.001601,8388608.0,1.0,1.0
2.553125,4.6e-05,32768.0,1.0,1.0
2.553175,0.001394,8388608.0,1.0,1.0
2.554574,0.001602,8388608.0,1.0,1.0
2.556178,4.6e-05,32768.0,1.0,1.0
2.556226,0.001395,8388608.0,1.0,1.0
2.557624,0.001602,8388608.0,1.0,1.0
2.559229,4.5e-05,32768.0,1.0,1.0
2.559278,0.001396,8388608.0,1.0,1.0
2.560677,0.001601,8388608.0,1.0,1.0
2.562281,4.5e-05,32768.0,1.0,1.0
2.562328,0.001396,8388608.0,1.0,1.0
2.563728,0.001602,8388608.0,1.0,1.0
2.565334,4.4e-05,32768.0,1.0,1.0
2.565381,0.001395,8388608.0,1.0,1.0
2.566779,0.001602,8388608.0,1.0,1.0
2.568383,4.5e-05,32768.0,1.0,1.0
2.568431,0.001382,8388608.0,1.0,1.0
2.569816,0.001601,8388608.0,1.0,1.0
2.57142,4.5e-05,32768.0,1.0,1.0
2.571469,0.001388,8388608.0,1.0,1.0
2.57286,0.001601,8388608.0,1.0,1.0
2.574463,4.5e-05,32768.0,1.0,1.0
2.574512,0.00141,8388608.0,1.0,1.0
2.575926,0.001601,8388608.0,1.0,1.0
2.57753,4.4e-05,32768.0,1.0,1.0
2.577578,0.001402,8388608.0,1.0,1.0
2.578985,0.001602,8388608.0,1.0,1.0
2.580589,4.5e-05,32768.0,1.0,1.0
2.580638,0.001394,8388608.0,1.0,1.0
2.582035,0.001601,8388608.0,1.0,1.0
2.583639,4.5e-05,32768.0,1.0,1.0
2.583687,0.0014,8388608.0,1.0,1.0
2.58509,0.001602,8388608.0,1.0,1.0
2.586694,4.6e-05,32768.0,1.0,1.0
2.586744,0.001386,8388608.0,1.0,1.0
2.588132,0.001602,8388608.0,1.0,1.0
2.589736,4.6e-05,32768.0,1.0,1.0
2.589785,0.001387,8388608.0,1.0,1.0
2.591175,0.001601,8388608.0,1.0,1.0
2.592778,4.5e-05,32768.0,1.0,1.0
2.592827,0.001407,8388608.0,1.0,1.0
2.594237,0.001603,8388608.0,1.0,1.0
2.595842,4.5e-05,32768.0,1.0,1.0
2.595889,0.001417,8388608.0,1.0,1.0
2.597308,0.001601,8388608.0,1.0,1.0
2.598912,4.6e-05,32768.0,1.0,1.0
2.598961,0.00141,8388608.0,1.0,1.0
2.600374,0.001601,8388608.0,1.0,1.0
2.601977,4.5e-05,32768.0,1.0,1.0
2.602027,0.001386,8388608.0,1.0,1.0
2.603416,0.001601,8388608.0,1.0,1.0
2.60502,4.5e-05,32768.0,1.0,1.0
2.60507,0.001384,8388608.0,1.0,1.0
2.606456,0.001602,8388608.0,1.0,1.0
2.608062,4.5e-05,32768.0,1.0,1.0
2.60811,0.001388,8388608.0,1.0,1.0
2.609501,0.001602,8388608.0,1.0,1.0
2.611106,4.5e-05,32768.0,1.0,1.0
2.611155,0.001393,8388608.0,1.0,1.0
2.612551,0.001602,8388608.0,1.0,1.0
2.614155,4.4e-05,32768.0,1.0,1.0
2.614202,0.001385,8388608.0,1.0,1.0
2.61559,0.001601,8388608.0,1.0,1.0
2.617194,4.5e-05,32768.0,1.0,1.0
2.617242,0.001385,8388608.0,1.0,1.0
2.61863,0.001603,8388608.0,1.0,1.0
2.620235,4.6e-05,32768.0,1.0,1.0
2.620283,0.001385,8388608.0,1.0,1.0
2.621671,0.001601,8388608.0,1.0,1.0
2.623276,4.5e-05,32768.0,1.0,1.0
2.623324,0.001387,8388608.0,1.0,1.0
2.624714,0.001601,8388608.0,1.0,1.0
2.626318,4.5e-05,32768.0,1.0,1.0
2.626366,0.001411,8388608.0,1.0,1.0
2.62778,0.001601,8388608.0,1.0,1.0
2.629384,4.6e-05,32768.0,1.0,1.0
2.629433,0.001399,8388608.0,1.0,1.0
2.630836,0.001602,8388608.0,1.0,1.0
2.632442,4.6e-05,32768.0,1.0,1.0
2.63249,0.001385,8388608.0,1.0,1.0
2.633878,0.001602,8388608.0,1.0,1.0
2.635482,4.5e-05,32768.0,1.0,1.0
2.63553,0.001391,8388608.0,1.0,1.0
2.636924,0.001602,8388608.0,1.0,1.0
2.638529,4.6e-05,32768.0,1.0,1.0
2.638577,0.001384,8388608.0,1.0,1.0
2.639964,0.001602,8388608.0,1.0,1.0
2.641568,4.4e-05,32768.0,1.0,1.0
2.641615,0.001388,8388608.0,1.0,1.0
2.643005,0.001602,8388608.0,1.0,1.0
2.64461,4.5e-05,32768.0,1.0,1.0
2.644658,0.0014,8388608.0,1.0,1.0
2.64606,0.001601,8388608.0,1.0,1.0
2.647666,4.5e-05,32768.0,1.0,1.0
2.647713,0.001391,8388608.0,1.0,1.0
2.649109,0.001601,8388608.0,1.0,1.0
2.650713,4.6e-05,32768.0,1.0,1.0
2.650763,0.001393,8388608.0,1.0,1.0
2.652159,0.001602,8388608.0,1.0,1.0
2.653763,4.5e-05,32768.0,1.0,1.0
2.653811,0.001404,8388608.0,1.0,1.0
2.655217,0.001602,8388608.0,1.0,1.0
2.656822,4.6e-05,32768.0,1.0,1.0
2.656872,0.001389,8388608.0,1.0,1.0
2.658264,0.001602,8388608.0,1.0,1.0
2.659868,4.6e-05,32768.0,1.0,1.0
2.659917,0.001407,8388608.0,1.0,1.0
2.661327,0.001601,8388608.0,1.0,1.0
2.662933,4.6e-05,32768.0,1.0,1.0
2.662981,0.001384,8388608.0,1.0,1.0
2.664368,0.001602,8388608.0,1.0,1.0
2.665973,4.5e-05,32768.0,1.0,1.0
2.66602,0.001383,8388608.0,1.0,1.0
2.667407,0.001601,8388608.0,1.0,1.0
2.669011,4.6e-05,32768.0,1.0,1.0
2.669059,0.001401,8388608.0,1.0,1.0
2.683775,0.0016,8388608.0,1.0,1.0
2.685377,4.5e-05,32768.0,1.0,1.0
2.685425,0.001395,8388608.0,1.0,1.0
2.686823,0.001601,8388608.0,1.0,1.0
2.688426,4.5e-05,32768.0,1.0,1.0
2.688474,0.001394,8388608.0,1.0,1.0
2.68987,0.001601,8388608.0,1.0,1.0
2.691473,4.6e-05,32768.0,1.0,1.0
2.691521,0.001384,8388608.0,1.0,1.0
2.692907,0.001601,8388608.0,1.0,1.0
2.694511,4.6e-05,32768.0,1.0,1.0
2.69456,0.001414,8388608.0,1.0,1.0
2.695975,0.0016,8388608.0,1.0,1.0
2.69758,4.6e-05,32768.0,1.0,1.0
2.697628,0.001396,8388608.0,1.0,1.0
2.699028,0.001601,8388608.0,1.0,1.0
2.700634,4.5e-05,32768.0,1.0,1.0
2.700683,0.001383,8388608.0,1.0,1.0
2.70207,0.001601,8388608.0,1.0,1.0
2.703674,4.6e-05,32768.0,1.0,1.0
2.703722,0.001397,8388608.0,1.0,1.0
2.705122,0.001601,8388608.0,1.0,1.0
2.706726,4.6e-05,32768.0,1.0,1.0
2.706774,0.001392,8388608.0,1.0,1.0
2.708169,0.001601,8388608.0,1.0,1.0
2.709772,4.5e-05,32768.0,1.0,1.0
2.70982,0.001384,8388608.0,1.0,1.0
2.711206,0.001601,8388608.0,1.0,1.0
2.712809,4.5e-05,32768.0,1.0,1.0
2.712856,0.001412,8388608.0,1.0,1.0
2.714271,0.001602,8388608.0,1.0,1.0
2.715875,4.6e-05,32768.0,1.0,1.0
2.715923,0.001398,8388608.0,1.0,1.0
2.717325,0.001601,8388608.0,1.0,1.0
2.718929,4.6e-05,32768.0,1.0,1.0
2.718979,0.001384,8388608.0,1.0,1.0
2.720366,0.001601,8388608.0,1.0,1.0
2.72197,4.8e-05,32768.0,1.0,1.0
2.72202,0.001387,8388608.0,1.0,1.0
2.72341,0.001602,8388608.0,1.0,1.0
2.725014,4.6e-05,32768.0,1.0,1.0
2.725065,0.001396,8388608.0,1.0,1.0
2.726465,0.001601,8388608.0,1.0,1.0
2.72807,4.5e-05,32768.0,1.0,1.0
2.728119,0.001402,8388608.0,1.0,1.0
2.729523,0.001601,8388608.0,1.0,1.0
2.731127,4.6e-05,32768.0,1.0,1.0
2.731175,0.001383,8388608.0,1.0,1.0
2.732561,0.001602,8388608.0,1.0,1.0
2.734167,4.5e-05,32768.0,1.0,1.0
2.734215,0.001391,8388608.0,1.0,1.0
2.735608,0.001601,8388608.0,1.0,1.0
2.737211,4.6e-05,32768.0,1.0,1.0
2.737259,0.001383,8388608.0,1.0,1.0
2.738645,0.001602,8388608.0,1.0,1.0
2.740251,4.5e-05,32768.0,1.0,1.0
2.740299,0.001385,8388608.0,1.0,1.0
2.741686,0.001601,8388608.0,1.0,1.0
2.74329,4.5e-05,32768.0,1.0,1.0
2.743337,0.001393,8388608.0,1.0,1.0
2.744733,0.001602,8388608.0,1.0,1.0
2.746338,4.5e-05,32768.0,1.0,1.0
2.746385,0.001386,8388608.0,1.0,1.0
2.747775,0.001601,8388608.0,1.0,1.0
2.749378,4.5e-05,32768.0,1.0,1.0
2.749426,0.001394,8388608.0,1.0,1.0
2.750823,0.001602,8388608.0,1.0,1.0
2.752427,4.6e-05,32768.0,1.0,1.0
2.752476,0.001383,8388608.0,1.0,1.0
2.753862,0.001601,8388608.0,1.0,1.0
2.755466,4.5e-05,32768.0,1.0,1.0
2.755513,0.001393,8388608.0,1.0,1.0
2.75691,0.001602,8388608.0,1.0,1.0
2.758514,4.6e-05,32768.0,1.0,1.0
2.758565,0.001398,8388608.0,1.0,1.0
2.759965,0.001601,8388608.0,1.0,1.0
2.761571,4.6e-05,32768.0,1.0,1.0
2.761619,0.001386,8388608.0,1.0,1.0
2.76301,0.001602,8388608.0,1.0,1.0
2.764614,4.6e-05,32768.0,1.0,1.0
2.764663,0.001383,8388608.0,1.0,1.0
2.766048,0.001602,8388608.0,1.0,1.0
2.767653,4.6e-05,32768.0,1.0,1.0
2.767701,0.001395,8388608.0,1.0,1.0
2.769098,0.001602,8388608.0,1.0,1.0
2.770704,4.6e-05,32768.0,1.0,1.0
2.770754,0.001399,8388608.0,1.0,1.0
2.772156,0.001602,8388608.0,1.0,1.0
2.773762,4.4e-05,32768.0,1.0,1.0
2.77381,0.001398,8388608.0,1.0,1.0
2.775213,0.001601,8388608.0,1.0,1.0
2.776817,4.5e-05,32768.0,1.0,1.0
2.776864,0.001392,8388608.0,1.0,1.0
2.778259,0.001601,8388608.0,1.0,1.0
2.779864,4.5e-05,32768.0,1.0,1.0
2.779912,0.001397,8388608.0,1.0,1.0
2.781312,0.001602,8388608.0,1.0,1.0
2.782916,4.5e-05,32768.0,1.0,1.0
2.782964,0.0014,8388608.0,1.0,1.0
2.784367,0.001602,8388608.0,1.0,1.0
2.785971,4.6e-05,32768.0,1.0,1.0
2.78602,0.001393,8388608.0,1.0,1.0
2.787414,0.001603,8388608.0,1.0,1.0
2.789021,4.6e-05,32768.0,1.0,1.0
2.789071,0.001404,8388608.0,1.0,1.0
2.790479,0.001601,8388608.0,1.0,1.0
2.792083,4.6e-05,32768.0,1.0,1.0
2.792132,0.001394,8388608.0,1.0,1.0
2.793528,0.001602,8388608.0,1.0,1.0
2.795134,4.6e-05,32768.0,1.0,1.0
2.795183,0.001391,8388608.0,1.0,1.0
2.796576,0.001601,8388608.0,1.0,1.0
2.79818,4.5e-05,32768.0,1.0,1.0
2.798228,0.001393,8388608.0,1.0,1.0
2.799624,0.001602,8388608.0,1.0,1.0
2.801228,4.6e-05,32768.0,1.0,1.0
2.801279,0.001387,8388608.0,1.0,1.0
2.80267,0.001601,8388608.0,1.0,1.0
2.804273,4.6e-05,32768.0,1.0,1.0
2.804323,0.001388,8388608.0,1.0,1.0
2.805713,0.001601,8388608.0,1.0,1.0
2.807317,4.6e-05,32768.0,1.0,1.0
2.807367,0.001399,8388608.0,1.0,1.0
2.808769,0.001601,8388608.0,1.0,1.0
2.810374,4.5e-05,32768.0,1.0,1.0
2.810423,0.001387,8388608.0,1.0,1.0
2.811815,0.001602,8388608.0,1.0,1.0
2.813418,4.7e-05,32768.0,1.0,1.0
2.813467,0.001386,8388608.0,1.0,1.0
2.814856,0.001602,8388608.0,1.0,1.0
2.816461,4.5e-05,32768.0,1.0,1.0
2.816508,0.001387,8388608.0,1.0,1.0
2.817897,0.001602,8388608.0,1.0,1.0
2.819503,4.5e-05,32768.0,1.0,1.0
2.819551,0.001388,8388608.0,1.0,1.0
2.820942,0.001602,8388608.0,1.0,1.0
2.822546,4.6e-05,32768.0,1.0,1.0
2.822594,0.001396,8388608.0,1.0,1.0
2.823994,0.001601,8388608.0,1.0,1.0
2.8256,4.5e-05,32768.0,1.0,1.0
2.825647,0.001385,8388608.0,1.0,1.0
2.827036,0.001601,8388608.0,1.0,1.0
2.82864,4.5e-05,32768.0,1.0,1.0
2.828687,0.001416,8388608.0,1.0,1.0
2.830105,0.001601,8388608.0,1.0,1.0
2.831708,4.6e-05,32768.0,1.0,1.0
2.831757,0.001397,8388608.0,1.0,1.0
2.833156,0.001601,8388608.0,1.0,1.0
2.83476,4.6e-05,32768.0,1.0,1.0
2.834808,0.001393,8388608.0,1.0,1.0
2.836203,0.001601,8388608.0,1.0,1.0
2.837806,4.5e-05,32768.0,1.0,1.0
2.837855,0.001394,8388608.0,1.0,1.0
2.839251,0.001602,8388608.0,1.0,1.0
2.840856,4.5e-05,32768.0,1.0,1.0
2.840903,0.001389,8388608.0,1.0,1.0
2.842297,0.001601,8388608.0,1.0,1.0
2.843901,4.6e-05,32768.0,1.0,1.0
2.843951,0.001384,8388608.0,1.0,1.0
2.845339,0.001601,8388608.0,1.0,1.0
2.846943,4.5e-05,32768.0,1.0,1.0
2.84699,0.001396,8388608.0,1.0,1.0
2.848391,0.001602,8388608.0,1.0,1.0
2.849996,4.5e-05,32768.0,1.0,1.0
2.850044,0.001386,8388608.0,1.0,1.0
2.851434,0.001602,8388608.0,1.0,1.0
2.853039,4.5e-05,32768.0,1.0,1.0
2.853086,0.001403,8388608.0,1.0,1.0
2.854492,0.001602,8388608.0,1.0,1.0
2.856096,4.7e-05,32768.0,1.0,1.0
2.856145,0.001386,8388608.0,1.0,1.0
2.857533,0.001602,8388608.0,1.0,1.0
2.859138,4.6e-05,32768.0,1.0,1.0
2.859187,0.001393,8388608.0,1.0,1.0
2.860584,0.001601,8388608.0,1.0,1.0
2.862188,4.6e-05,32768.0,1.0,1.0
2.862237,0.001384,8388608.0,1.0,1.0
2.863625,0.001601,8388608.0,1.0,1.0
2.865231,4.5e-05,32768.0,1.0,1.0
2.865279,0.001385,8388608.0,1.0,1.0
2.866666,0.001601,8388608.0,1.0,1.0
2.86827,4.5e-05,32768.0,1.0,1.0
2.868318,0.001384,8388608.0,1.0,1.0
2.869705,0.001601,8388608.0,1.0,1.0
2.871308,4.6e-05,32768.0,1.0,1.0
2.871358,0.001385,8388608.0,1.0,1.0
2.872746,0.001602,8388608.0,1.0,1.0
2.874351,4.5e-05,32768.0,1.0,1.0
2.874398,0.001393,8388608.0,1.0,1.0
2.875794,0.001601,8388608.0,1.0,1.0
2.877398,4.5e-05,32768.0,1.0,1.0
2.877445,0.001391,8388608.0,1.0,1.0
2.878838,0.001601,8388608.0,1.0,1.0
2.880442,4.5e-05,32768.0,1.0,1.0
2.880492,0.001401,8388608.0,1.0,1.0
2.881896,0.001601,8388608.0,1.0,1.0
2.883499,4.5e-05,32768.0,1.0,1.0
2.883547,0.001396,8388608.0,1.0,1.0
2.884945,0.001601,8388608.0,1.0,1.0
2.886549,4.6e-05,32768.0,1.0,1.0
2.886599,0.00139,8388608.0,1.0,1.0
2.887991,0.001601,8388608.0,1.0,1.0
2.889595,4.6e-05,32768.0,1.0,1.0
2.889644,0.001384,8388608.0,1.0,1.0
2.891031,0.001601,8388608.0,1.0,1.0
2.892635,4.4e-05,32768.0,1.0,1.0
2.892682,0.001384,8388608.0,1.0,1.0
2.894069,0.001602,8388608.0,1.0,1.0
2.895674,4.6e-05,32768.0,1.0,1.0
2.895722,0.001393,8388608.0,1.0,1.0
2.897119,0.001601,8388608.0,1.0,1.0
2.898722,4.6e-05,32768.0,1.0,1.0
2.898772,0.001398,8388608.0,1.0,1.0
2.900173,0.001601,8388608.0,1.0,1.0
2.901778,4.6e-05,32768.0,1.0,1.0
2.901827,0.001397,8388608.0,1.0,1.0
2.903228,0.001601,8388608.0,1.0,1.0
2.904832,4.6e-05,32768.0,1.0,1.0
2.904881,0.001383,8388608.0,1.0,1.0
2.906267,0.001602,8388608.0,1.0,1.0
2.907871,4.6e-05,32768.0,1.0,1.0
2.90792,0.001398,8388608.0,1.0,1.0
2.909321,0.001601,8388608.0,1.0,1.0
2.910924,4.6e-05,32768.0,1.0,1.0
2.910973,0.001397,8388608.0,1.0,1.0
2.912373,0.001602,8388608.0,1.0,1.0
2.913977,4.5e-05,32768.0,1.0,1.0
2.914025,0.001388,8388608.0,1.0,1.0
2.915416,0.001601,8388608.0,1.0,1.0
2.917019,4.6e-05,32768.0,1.0,1.0
2.917069,0.001388,8388608.0,1.0,1.0
2.918459,0.001602,8388608.0,1.0,1.0
2.920063,4.5e-05,32768.0,1.0,1.0
2.920111,0.001385,8388608.0,1.0,1.0
2.921499,0.001601,8388608.0,1.0,1.0
2.923103,4.5e-05,32768.0,1.0,1.0
2.92315,0.001388,8388608.0,1.0,1.0
2.92454,0.001601,8388608.0,1.0,1.0
2.926144,4.8e-05,32768.0,1.0,1.0
2.926194,0.001383,8388608.0,1.0,1.0
2.92758,0.001602,8388608.0,1.0,1.0
2.929184,4.5e-05,32768.0,1.0,1.0
2.929232,0.001392,8388608.0,1.0,1.0
2.930629,0.001602,8388608.0,1.0,1.0
2.932233,4.6e-05,32768.0,1.0,1.0
2.932281,0.001385,8388608.0,1.0,1.0
2.933669,0.001602,8388608.0,1.0,1.0
2.935273,4.5e-05,32768.0,1.0,1.0
2.935321,0.001386,8388608.0,1.0,1.0
2.936709,0.001602,8388608.0,1.0,1.0
2.938314,4.5e-05,32768.0,1.0,1.0
2.938361,0.001392,8388608.0,1.0,1.0
2.939756,0.001601,8388608.0,1.0,1.0
2.941359,4.5e-05,32768.0,1.0,1.0
2.941406,0.001385,8388608.0,1.0,1.0
2.942794,0.001602,8388608.0,1.0,1.0
2.944398,4.6e-05,32768.0,1.0,1.0
2.944446,0.001402,8388608.0,1.0,1.0
2.945851,0.001601,8388608.0,1.0,1.0
2.947455,4.5e-05,32768.0,1.0,1.0
2.947504,0.00139,8388608.0,1.0,1.0
2.948899,0.001602,8388608.0,1.0,1.0
2.950503,4.5e-05,32768.0,1.0,1.0
2.95055,0.001388,8388608.0,1.0,1.0
2.951941,0.001601,8388608.0,1.0,1.0
2.953546,4.7e-05,32768.0,1.0,1.0
2.953596,0.0014,8388608.0,1.0,1.0
2.954999,0.001602,8388608.0,1.0,1.0
2.956604,4.6e-05,32768.0,1.0,1.0
2.956653,0.001385,8388608.0,1.0,1.0
2.958041,0.001601,8388608.0,1.0,1.0
2.959644,4.5e-05,32768.0,1.0,1.0
2.959692,0.001388,8388608.0,1.0,1.0
2.961084,0.001601,8388608.0,1.0,1.0
2.96269,4.6e-05,32768.0,1.0,1.0
2.962739,0.001403,8388608.0,1.0,1.0
2.964146,0.001602,8388608.0,1.0,1.0
2.965751,4.4e-05,32768.0,1.0,1.0
2.965798,0.0014,8388608.0,1.0,1.0
2.967201,0.001602,8388608.0,1.0,1.0
2.968805,4.7e-05,32768.0,1.0,1.0
2.968854,0.001386,8388608.0,1.0,1.0
2.970244,0.001602,8388608.0,1.0,1.0
2.971849,4.6e-05,32768.0,1.0,1.0
2.971897,0.001396,8388608.0,1.0,1.0
2.973295,0.001601,8388608.0,1.0,1.0
2.974898,4.6e-05,32768.0,1.0,1.0
2.974947,0.001386,8388608.0,1.0,1.0
2.976335,0.001601,8388608.0,1.0,1.0
2.977939,4.6e-05,32768.0,1.0,1.0
2.977988,0.001385,8388608.0,1.0,1.0
2.979376,0.001601,8388608.0,1.0,1.0
2.980982,4.6e-05,32768.0,1.0,1.0
2.98103,0.001391,8388608.0,1.0,1.0
2.982423,0.001601,8388608.0,1.0,1.0
2.984027,4.7e-05,32768.0,1.0,1.0
2.984076,0.001385,8388608.0,1.0,1.0
2.985464,0.001602,8388608.0,1.0,1.0
2.987069,4.5e-05,32768.0,1.0,1.0
2.987116,0.001385,8388608.0,1.0,1.0
3.00181,0.001601,8388608.0,1.0,1.0
3.003414,4.6e-05,32768.0,1.0,1.0
3.003464,0.001382,8388608.0,1.0,1.0
3.004849,0.001602,8388608.0,1.0,1.0
3.006453,4.6e-05,32768.0,1.0,1.0
3.006501,0.001383,8388608.0,1.0,1.0
3.007886,0.001601,8388608.0,1.0,1.0
3.009492,4.6e-05,32768.0,1.0,1.0
3.009542,0.001393,8388608.0,1.0,1.0
3.010938,0.001601,8388608.0,1.0,1.0
3.012542,4.6e-05,32768.0,1.0,1.0
3.012591,0.001402,8388608.0,1.0,1.0
3.013995,0.001601,8388608.0,1.0,1.0
3.015598,4.7e-05,32768.0,1.0,1.0
3.015647,0.001398,8388608.0,1.0,1.0
3.017048,0.001602,8388608.0,1.0,1.0
3.018652,4.5e-05,32768.0,1.0,1.0
3.018702,0.001394,8388608.0,1.0,1.0
3.020098,0.001601,8388608.0,1.0,1.0
3.021701,4.5e-05,32768.0,1.0,1.0
3.02175,0.001392,8388608.0,1.0,1.0
3.023145,0.001601,8388608.0,1.0,1.0
3.024749,4.5e-05,32768.0,1.0,1.0
3.024798,0.001394,8388608.0,1.0,1.0
3.026197,0.001601,8388608.0,1.0,1.0
3.027801,4.6e-05,32768.0,1.0,1.0
3.02785,0.001384,8388608.0,1.0,1.0
3.029236,0.001602,8388608.0,1.0,1.0
3.03084,4.6e-05,32768.0,1.0,1.0
3.030889,0.001397,8388608.0,1.0,1.0
3.032288,0.001601,8388608.0,1.0,1.0
3.033891,4.5e-05,32768.0,1.0,1.0
3.033939,0.001383,8388608.0,1.0,1.0
3.035324,0.0016,8388608.0,1.0,1.0
3.036927,4.5e-05,32768.0,1.0,1.0
3.036974,0.001399,8388608.0,1.0,1.0
3.038377,0.001601,8388608.0,1.0,1.0
3.03998,4.6e-05,32768.0,1.0,1.0
3.040029,0.001399,8388608.0,1.0,1.0
3.04143,0.001601,8388608.0,1.0,1.0
3.043033,4.7e-05,32768.0,1.0,1.0
3.043083,0.001397,8388608.0,1.0,1.0
3.044482,0.001601,8388608.0,1.0,1.0
3.046086,4.6e-05,32768.0,1.0,1.0
3.046135,0.00139,8388608.0,1.0,1.0
3.047528,0.001601,8388608.0,1.0,1.0
3.049132,4.7e-05,32768.0,1.0,1.0
3.049182,0.001391,8388608.0,1.0,1.0
3.050575,0.001602,8388608.0,1.0,1.0
3.052181,4.6e-05,32768.0,1.0,1.0
3.052231,0.001398,8388608.0,1.0,1.0
3.053632,0.001602,8388608.0,1.0,1.0
3.055236,4.6e-05,32768.0,1.0,1.0
3.055284,0.001392,8388608.0,1.0,1.0
3.056679,0.001602,8388608.0,1.0,1.0
3.058282,4.5e-05,32768.0,1.0,1.0
3.05833,0.001393,8388608.0,1.0,1.0
3.059726,0.001601,8388608.0,1.0,1.0
3.061329,4.5e-05,32768.0,1.0,1.0
3.061377,0.001384,8388608.0,1.0,1.0
3.062765,0.001601,8388608.0,1.0,1.0
3.064368,4.6e-05,32768.0,1.0,1.0
3.064418,0.001404,8388608.0,1.0,1.0
3.065824,0.0016,8388608.0,1.0,1.0
3.067427,4.7e-05,32768.0,1.0,1.0
3.067478,0.001415,8388608.0,1.0,1.0
3.068896,0.001601,8388608.0,1.0,1.0
3.070499,4.6e-05,32768.0,1.0,1.0
3.070547,0.001384,8388608.0,1.0,1.0
3.071935,0.001602,8388608.0,1.0,1.0
3.07354,4.6e-05,32768.0,1.0,1.0
3.073588,0.00139,8388608.0,1.0,1.0
3.074981,0.001601,8388608.0,1.0,1.0
3.076585,4.5e-05,32768.0,1.0,1.0
3.076633,0.001392,8388608.0,1.0,1.0
3.078029,0.001601,8388608.0,1.0,1.0
3.079633,4.6e-05,32768.0,1.0,1.0
3.079681,0.001395,8388608.0,1.0,1.0
3.081079,0.001602,8388608.0,1.0,1.0
3.082686,4.6e-05,32768.0,1.0,1.0
3.082735,0.001385,8388608.0,1.0,1.0
3.084122,0.001602,8388608.0,1.0,1.0
3.085728,4.6e-05,32768.0,1.0,1.0
3.085778,0.001384,8388608.0,1.0,1.0
3.087165,0.001601,8388608.0,1.0,1.0
3.08877,4.7e-05,32768.0,1.0,1.0
3.08882,0.001393,8388608.0,1.0,1.0
3.090215,0.001602,8388608.0,1.0,1.0
3.091819,4.6e-05,32768.0,1.0,1.0
3.091868,0.001394,8388608.0,1.0,1.0
3.093265,0.001602,8388608.0,1.0,1.0
3.094871,4.5e-05,32768.0,1.0,1.0
3.094918,0.001388,8388608.0,1.0,1.0
3.096309,0.001602,8388608.0,1.0,1.0
3.097914,4.6e-05,32768.0,1.0,1.0
3.097964,0.001391,8388608.0,1.0,1.0
3.099357,0.001602,8388608.0,1.0,1.0
3.100961,4.5e-05,32768.0,1.0,1.0
3.101009,0.001384,8388608.0,1.0,1.0
3.102395,0.001602,8388608.0,1.0,1.0
3.104,4.6e-05,32768.0,1.0,1.0
3.10405,0.001393,8388608.0,1.0,1.0
3.105446,0.001602,8388608.0,1.0,1.0
3.107051,4.5e-05,32768.0,1.0,1.0
3.107098,0.001395,8388608.0,1.0,1.0
3.108495,0.001603,8388608.0,1.0,1.0
3.1101,4.8e-05,32768.0,1.0,1.0
3.110152,0.001396,8388608.0,1.0,1.0
3.11155,0.001602,8388608.0,1.0,1.0
3.113155,4.7e-05,32768.0,1.0,1.0
3.113205,0.001397,8388608.0,1.0,1.0
3.114604,0.001602,8388608.0,1.0,1.0
3.116208,4.6e-05,32768.0,1.0,1.0
3.116257,0.001385,8388608.0,1.0,1.0
3.117644,0.001602,8388608.0,1.0,1.0
3.119248,4.6e-05,32768.0,1.0,1.0
3.119298,0.001386,8388608.0,1.0,1.0
3.120687,0.001602,8388608.0,1.0,1.0
3.122292,4.6e-05,32768.0,1.0,1.0
3.122341,0.001405,8388608.0,1.0,1.0
3.123748,0.001602,8388608.0,1.0,1.0
3.125353,4.5e-05,32768.0,1.0,1.0
3.125402,0.001384,8388608.0,1.0,1.0
3.126788,0.001602,8388608.0,1.0,1.0
3.128392,4.5e-05,32768.0,1.0,1.0
3.12844,0.001392,8388608.0,1.0,1.0
3.129835,0.001602,8388608.0,1.0,1.0
3.131441,4.5e-05,32768.0,1.0,1.0
3.131488,0.001385,8388608.0,1.0,1.0
3.132876,0.001602,8388608.0,1.0,1.0
3.13448,4.7e-05,32768.0,1.0,1.0
3.13453,0.001394,8388608.0,1.0,1.0
3.135928,0.001602,8388608.0,1.0,1.0
3.137532,4.6e-05,32768.0,1.0,1.0
3.137581,0.001406,8388608.0,1.0,1.0
3.13899,0.001601,8388608.0,1.0,1.0
3.140594,4.6e-05,32768.0,1.0,1.0
3.140644,0.001388,8388608.0,1.0,1.0
3.142034,0.001602,8388608.0,1.0,1.0
3.143638,4.6e-05,32768.0,1.0,1.0
3.143686,0.001388,8388608.0,1.0,1.0
3.145077,0.001602,8388608.0,1.0,1.0
3.146681,4.6e-05,32768.0,1.0,1.0
3.146731,0.001398,8388608.0,1.0,1.0
3.148133,0.001602,8388608.0,1.0,1.0
3.149738,4.6e-05,32768.0,1.0,1.0
3.149787,0.001386,8388608.0,1.0,1.0
3.151176,0.001602,8388608.0,1.0,1.0
3.15278,4.7e-05,32768.0,1.0,1.0
3.152829,0.001392,8388608.0,1.0,1.0
3.154225,0.001602,8388608.0,1.0,1.0
3.155831,4.6e-05,32768.0,1.0,1.0
3.155879,0.001393,8388608.0,1.0,1.0
3.157274,0.001602,8388608.0,1.0,1.0
3.15888,4.5e-05,32768.0,1.0,1.0
3.158928,0.001383,8388608.0,1.0,1.0
3.160313,0.001602,8388608.0,1.0,1.0
3.161918,4.5e-05,32768.0,1.0,1.0
3.161966,0.001384,8388608.0,1.0,1.0
3.163354,0.001601,8388608.0,1.0,1.0
3.16496,4.7e-05,32768.0,1.0,1.0
3.165011,0.001399,8388608.0,1.0,1.0
3.166413,0.001602,8388608.0,1.0,1.0
3.168017,4.5e-05,32768.0,1.0,1.0
3.168065,0.001387,8388608.0,1.0,1.0
3.169454,0.001602,8388608.0,1.0,1.0
3.171059,4.6e-05,32768.0,1.0,1.0
3.171108,0.001404,8388608.0,1.0,1.0
3.172514,0.001602,8388608.0,1.0,1.0
3.174119,4.7e-05,32768.0,1.0,1.0
3.174168,0.0014,8388608.0,1.0,1.0
3.175571,0.001601,8388608.0,1.0,1.0
3.177175,4.5e-05,32768.0,1.0,1.0
3.177224,0.001391,8388608.0,1.0,1.0
3.178618,0.001601,8388608.0,1.0,1.0
3.180224,4.6e-05,32768.0,1.0,1.0
3.180272,0.001386,8388608.0,1.0,1.0
3.181661,0.001601,8388608.0,1.0,1.0
3.183265,4.5e-05,32768.0,1.0,1.0
3.183312,0.001387,8388608.0,1.0,1.0
3.184702,0.001601,8388608.0,1.0,1.0
3.186307,4.5e-05,32768.0,1.0,1.0
3.186355,0.001401,8388608.0,1.0,1.0
3.187761,0.001601,8388608.0,1.0,1.0
3.189364,4.6e-05,32768.0,1.0,1.0
3.189413,0.001395,8388608.0,1.0,1.0
3.190812,0.001601,8388608.0,1.0,1.0
3.192416,4.5e-05,32768.0,1.0,1.0
3.192465,0.001398,8388608.0,1.0,1.0
3.193867,0.001602,8388608.0,1.0,1.0
3.195471,4.7e-05,32768.0,1.0,1.0
3.195521,0.001388,8388608.0,1.0,1.0
3.196912,0.001602,8388608.0,1.0,1.0
3.198516,4.6e-05,32768.0,1.0,1.0
3.198565,0.0014,8388608.0,1.0,1.0
3.199968,0.001601,8388608.0,1.0,1.0
3.201573,4.7e-05,32768.0,1.0,1.0
3.201623,0.001398,8388608.0,1.0,1.0
3.203024,0.001602,8388608.0,1.0,1.0
3.204628,4.6e-05,32768.0,1.0,1.0
3.204676,0.001395,8388608.0,1.0,1.0
3.206073,0.001601,8388608.0,1.0,1.0
3.207677,4.6e-05,32768.0,1.0,1.0
3.207726,0.001396,8388608.0,1.0,1.0
3.209126,0.001601,8388608.0,1.0,1.0
3.210731,4.5e-05,32768.0,1.0,1.0
3.210779,0.001401,8388608.0,1.0,1.0
3.212184,0.001602,8388608.0,1.0,1.0
3.213788,4.6e-05,32768.0,1.0,1.0
3.213837,0.001384,8388608.0,1.0,1.0
3.215224,0.001602,8388608.0,1.0,1.0
3.216828,4.5e-05,32768.0,1.0,1.0
3.216875,0.001397,8388608.0,1.0,1.0
3.218275,0.001602,8388608.0,1.0,1.0
3.219881,4.7e-05,32768.0,1.0,1.0
3.21993,0.001386,8388608.0,1.0,1.0
3.22132,0.001601,8388608.0,1.0,1.0
3.222924,4.6e-05,32768.0,1.0,1.0
3.222972,0.001395,8388608.0,1.0,1.0
3.22437,0.001602,8388608.0,1.0,1.0
3.225974,4.6e-05,32768.0,1.0,1.0
3.226024,0.001384,8388608.0,1.0,1.0
3.227411,0.001601,8388608.0,1.0,1.0
3.229014,4.7e-05,32768.0,1.0,1.0
3.229063,0.00139,8388608.0,1.0,1.0
3.230456,0.001602,8388608.0,1.0,1.0
3.23206,4.5e-05,32768.0,1.0,1.0
3.232109,0.001393,8388608.0,1.0,1.0
3.233506,0.001601,8388608.0,1.0,1.0
3.235111,4.5e-05,32768.0,1.0,1.0
3.23516,0.001385,8388608.0,1.0,1.0
3.236549,0.001602,8388608.0,1.0,1.0
3.238153,4.6e-05,32768.0,1.0,1.0
3.238203,0.001385,8388608.0,1.0,1.0
3.23959,0.001601,8388608.0,1.0,1.0
3.241192,4.6e-05,32768.0,1.0,1.0
3.241243,0.001383,8388608.0,1.0,1.0
3.242629,0.001601,8388608.0,1.0,1.0
3.244233,4.5e-05,32768.0,1.0,1.0
3.24428,0.001387,8388608.0,1.0,1.0
3.24567,0.001601,8388608.0,1.0,1.0
3.247273,4.6e-05,32768.0,1.0,1.0
3.247322,0.001386,8388608.0,1.0,1.0
3.24871,0.001602,8388608.0,1.0,1.0
3.250314,4.5e-05,32768.0,1.0,1.0
3.250363,0.001396,8388608.0,1.0,1.0
3.251762,0.001602,8388608.0,1.0,1.0
3.253366,4.5e-05,32768.0,1.0,1.0
3.253415,0.001408,8388608.0,1.0,1.0
3.254827,0.001602,8388608.0,1.0,1.0
3.256432,4.6e-05,32768.0,1.0,1.0
3.256482,0.001394,8388608.0,1.0,1.0
3.257879,0.001602,8388608.0,1.0,1.0
3.259483,4.5e-05,32768.0,1.0,1.0
3.259531,0.001393,8388608.0,1.0,1.0
3.260926,0.001602,8388608.0,1.0,1.0
3.262533,4.5e-05,32768.0,1.0,1.0
3.26258,0.001384,8388608.0,1.0,1.0
3.263969,0.001602,8388608.0,1.0,1.0
3.265575,4.7e-05,32768.0,1.0,1.0
3.265626,0.001399,8388608.0,1.0,1.0
3.267029,0.001601,8388608.0,1.0,1.0
3.268635,4.6e-05,32768.0,1.0,1.0
3.268684,0.001388,8388608.0,1.0,1.0
3.270074,0.001602,8388608.0,1.0,1.0
3.271678,4.6e-05,32768.0,1.0,1.0
3.271727,0.001401,8388608.0,1.0,1.0
3.27313,0.001601,8388608.0,1.0,1.0
3.274734,4.5e-05,32768.0,1.0,1.0
3.274783,0.001388,8388608.0,1.0,1.0
3.276174,0.001602,8388608.0,1.0,1.0
3.27778,4.5e-05,32768.0,1.0,1.0
3.27783,0.001408,8388608.0,1.0,1.0
3.279242,0.001601,8388608.0,1.0,1.0
3.280845,4.6e-05,32768.0,1.0,1.0
3.280894,0.001404,8388608.0,1.0,1.0
3.282302,0.001601,8388608.0,1.0,1.0
3.283906,4.6e-05,32768.0,1.0,1.0
3.283957,0.001387,8388608.0,1.0,1.0
3.285346,0.001601,8388608.0,1.0,1.0
3.28695,4.5e-05,32768.0,1.0,1.0
3.286999,0.001384,8388608.0,1.0,1.0
3.288386,0.001602,8388608.0,1.0,1.0
3.289991,4.7e-05,32768.0,1.0,1.0
3.29004,0.001395,8388608.0,1.0,1.0
3.291437,0.001603,8388608.0,1.0,1.0
3.293044,4.5e-05,32768.0,1.0,1.0
3.293092,0.001384,8388608.0,1.0,1.0
3.294478,0.001601,8388608.0,1.0,1.0
3.296082,4.5e-05,32768.0,1.0,1.0
3.296131,0.001385,8388608.0,1.0,1.0
3.29752,0.001601,8388608.0,1.0,1.0
3.299124,4.6e-05,32768.0,1.0,1.0
3.299175,0.001383,8388608.0,1.0,1.0
3.30056,0.001601,8388608.0,1.0,1.0
3.302164,4.5e-05,32768.0,1.0,1.0
3.302214,0.001384,8388608.0,1.0,1.0
3.303601,0.001602,8388608.0,1.0,1.0
3.305207,4.6e-05,32768.0,1.0,1.0
3.305255,0.001405,8388608.0,1.0,1.0
3.31998,0.001601,8388608.0,1.0,1.0
3.321584,4.5e-05,32768.0,1.0,1.0
3.321631,0.001382,8388608.0,1.0,1.0
3.323016,0.001602,8388608.0,1.0,1.0
3.32462,4.6e-05,32768.0,1.0,1.0
3.324669,0.001384,8388608.0,1.0,1.0
3.326057,0.001602,8388608.0,1.0,1.0
3.327662,4.5e-05,32768.0,1.0,1.0
3.327711,0.001384,8388608.0,1.0,1.0
3.329097,0.001602,8388608.0,1.0,1.0
3.330701,4.7e-05,32768.0,1.0,1.0
3.330751,0.001395,8388608.0,1.0,1.0
3.33215,0.001601,8388608.0,1.0,1.0
3.333755,4.8e-05,32768.0,1.0,1.0
3.333806,0.001383,8388608.0,1.0,1.0
3.335192,0.001601,8388608.0,1.0,1.0
3.336796,4.8e-05,32768.0,1.0,1.0
3.336846,0.001387,8388608.0,1.0,1.0
3.338236,0.001601,8388608.0,1.0,1.0
3.33984,4.5e-05,32768.0,1.0,1.0
3.339889,0.001396,8388608.0,1.0,1.0
3.341288,0.001602,8388608.0,1.0,1.0
3.342893,4.7e-05,32768.0,1.0,1.0
3.342943,0.001385,8388608.0,1.0,1.0
3.34433,0.001602,8388608.0,1.0,1.0
3.345934,4.7e-05,32768.0,1.0,1.0
3.345983,0.001384,8388608.0,1.0,1.0
3.34737,0.001602,8388608.0,1.0,1.0
3.348974,4.7e-05,32768.0,1.0,1.0
3.349025,0.001403,8388608.0,1.0,1.0
3.350431,0.001602,8388608.0,1.0,1.0
3.352035,4.5e-05,32768.0,1.0,1.0
3.352083,0.001405,8388608.0,1.0,1.0
3.35349,0.001601,8388608.0,1.0,1.0
3.355094,4.9e-05,32768.0,1.0,1.0
3.355146,0.001383,8388608.0,1.0,1.0
3.356534,0.001602,8388608.0,1.0,1.0
3.35814,4.6e-05,32768.0,1.0,1.0
3.358188,0.001394,8388608.0,1.0,1.0
3.359585,0.001602,8388608.0,1.0,1.0
3.361189,4.7e-05,32768.0,1.0,1.0
3.361238,0.001381,8388608.0,1.0,1.0
3.362624,0.001601,8388608.0,1.0,1.0
3.364228,4.6e-05,32768.0,1.0,1.0
3.364277,0.0014,8388608.0,1.0,1.0
3.365679,0.001601,8388608.0,1.0,1.0
3.367283,4.5e-05,32768.0,1.0,1.0
3.367331,0.001385,8388608.0,1.0,1.0
3.368718,0.0016,8388608.0,1.0,1.0
3.370321,4.8e-05,32768.0,1.0,1.0
3.370372,0.001393,8388608.0,1.0,1.0
3.371767,0.001601,8388608.0,1.0,1.0
3.373371,4.5e-05,32768.0,1.0,1.0
3.37342,0.001385,8388608.0,1.0,1.0
3.374808,0.0016,8388608.0,1.0,1.0
3.376413,4.5e-05,32768.0,1.0,1.0
3.37646,0.001386,8388608.0,1.0,1.0
3.377849,0.001602,8388608.0,1.0,1.0
3.379455,4.6e-05,32768.0,1.0,1.0
3.379503,0.001399,8388608.0,1.0,1.0
3.380904,0.001601,8388608.0,1.0,1.0
3.382508,4.6e-05,32768.0,1.0,1.0
3.382556,0.001389,8388608.0,1.0,1.0
3.383948,0.001601,8388608.0,1.0,1.0
3.385552,4.7e-05,32768.0,1.0,1.0
3.385601,0.001386,8388608.0,1.0,1.0
3.38699,0.001602,8388608.0,1.0,1.0
3.388594,4.7e-05,32768.0,1.0,1.0
3.388645,0.001394,8388608.0,1.0,1.0
3.390042,0.001601,8388608.0,1.0,1.0
3.391645,4.9e-05,32768.0,1.0,1.0
3.391697,0.001387,8388608.0,1.0,1.0
3.393087,0.001602,8388608.0,1.0,1.0
3.394693,4.7e-05,32768.0,1.0,1.0
3.394742,0.001385,8388608.0,1.0,1.0
3.39613,0.001602,8388608.0,1.0,1.0
3.397734,4.5e-05,32768.0,1.0,1.0
3.397783,0.00139,8388608.0,1.0,1.0
3.399176,0.001602,8388608.0,1.0,1.0
3.400781,4.7e-05,32768.0,1.0,1.0
3.40083,0.001386,8388608.0,1.0,1.0
3.402218,0.001602,8388608.0,1.0,1.0
3.403824,4.8e-05,32768.0,1.0,1.0
3.403876,0.001382,8388608.0,1.0,1.0
3.405263,0.001602,8388608.0,1.0,1.0
3.406867,4.5e-05,32768.0,1.0,1.0
3.406915,0.001384,8388608.0,1.0,1.0
3.408302,0.001601,8388608.0,1.0,1.0
3.409905,4.5e-05,32768.0,1.0,1.0
3.409952,0.001387,8388608.0,1.0,1.0
3.411342,0.001602,8388608.0,1.0,1.0
3.412947,4.6e-05,32768.0,1.0,1.0
3.412996,0.001396,8388608.0,1.0,1.0
3.414394,0.001601,8388608.0,1.0,1.0
3.415998,4.7e-05,32768.0,1.0,1.0
3.416047,0.001392,8388608.0,1.0,1.0
3.417442,0.001602,8388608.0,1.0,1.0
3.419047,4.6e-05,32768.0,1.0,1.0
3.419098,0.001385,8388608.0,1.0,1.0
3.420487,0.001602,8388608.0,1.0,1.0
3.422091,4.7e-05,32768.0,1.0,1.0
3.42214,0.001386,8388608.0,1.0,1.0
3.42353,0.001602,8388608.0,1.0,1.0
3.425136,4.6e-05,32768.0,1.0,1.0
3.425184,0.001394,8388608.0,1.0,1.0
3.426581,0.001602,8388608.0,1.0,1.0
3.428186,4.6e-05,32768.0,1.0,1.0
3.428235,0.001399,8388608.0,1.0,1.0
3.429637,0.001602,8388608.0,1.0,1.0
3.431241,4.8e-05,32768.0,1.0,1.0
3.431291,0.001382,8388608.0,1.0,1.0
3.432678,0.001601,8388608.0,1.0,1.0
3.434281,4.7e-05,32768.0,1.0,1.0
3.43433,0.001386,8388608.0,1.0,1.0
3.435719,0.001602,8388608.0,1.0,1.0
3.437324,4.6e-05,32768.0,1.0,1.0
3.437372,0.001392,8388608.0,1.0,1.0
3.438768,0.001601,8388608.0,1.0,1.0
3.440371,4.6e-05,32768.0,1.0,1.0
3.44042,0.001387,8388608.0,1.0,1.0
3.44181,0.001601,8388608.0,1.0,1.0
3.443414,4.6e-05,32768.0,1.0,1.0
3.443463,0.001386,8388608.0,1.0,1.0
3.444852,0.001601,8388608.0,1.0,1.0
3.446458,4.6e-05,32768.0,1.0,1.0
3.446507,0.001403,8388608.0,1.0,1.0
3.447914,0.001602,8388608.0,1.0,1.0
3.449519,4.5e-05,32768.0,1.0,1.0
3.449566,0.001384,8388608.0,1.0,1.0
3.450952,0.001601,8388608.0,1.0,1.0
3.452556,4.6e-05,32768.0,1.0,1.0
3.452605,0.001385,8388608.0,1.0,1.0
3.453994,0.001601,8388608.0,1.0,1.0
3.455599,4.8e-05,32768.0,1.0,1.0
3.455652,0.001385,8388608.0,1.0,1.0
3.457041,0.001601,8388608.0,1.0,1.0
3.458644,4.6e-05,32768.0,1.0,1.0
3.458693,0.001385,8388608.0,1.0,1.0
3.460081,0.001602,8388608.0,1.0,1.0
3.461685,4.7e-05,32768.0,1.0,1.0
3.461734,0.0014,8388608.0,1.0,1.0
3.463136,0.001601,8388608.0,1.0,1.0
3.464739,4.6e-05,32768.0,1.0,1.0
3.464788,0.00139,8388608.0,1.0,1.0
3.466182,0.001602,8388608.0,1.0,1.0
3.467786,4.7e-05,32768.0,1.0,1.0
3.467836,0.001385,8388608.0,1.0,1.0
3.469224,0.001601,8388608.0,1.0,1.0
3.470827,4.8e-05,32768.0,1.0,1.0
3.470877,0.00139,8388608.0,1.0,1.0
3.472269,0.001601,8388608.0,1.0,1.0
3.473873,4.6e-05,32768.0,1.0,1.0
3.473923,0.001388,8388608.0,1.0,1.0
3.475314,0.001602,8388608.0,1.0,1.0
3.476919,4.6e-05,32768.0,1.0,1.0
3.476968,0.001399,8388608.0,1.0,1.0
3.478371,0.001601,8388608.0,1.0,1.0
3.479975,4.7e-05,32768.0,1.0,1.0
3.480024,0.001402,8388608.0,1.0,1.0
3.481429,0.001601,8388608.0,1.0,1.0
3.483034,4.7e-05,32768.0,1.0,1.0
3.483084,0.001392,8388608.0,1.0,1.0
3.484479,0.001601,8388608.0,1.0,1.0
3.486083,4.5e-05,32768.0,1.0,1.0
3.48613,0.001402,8388608.0,1.0,1.0
3.487534,0.001601,8388608.0,1.0,1.0
3.489138,4.5e-05,32768.0,1.0,1.0
3.489186,0.001403,8388608.0,1.0,1.0
3.490592,0.001602,8388608.0,1.0,1.0
3.492197,4.8e-05,32768.0,1.0,1.0
3.492248,0.001393,8388608.0,1.0,1.0
3.493643,0.001601,8388608.0,1.0,1.0
3.495247,4.6e-05,32768.0,1.0,1.0
3.495296,0.001383,8388608.0,1.0,1.0
3.496683,0.001601,8388608.0,1.0,1.0
3.498287,4.6e-05,32768.0,1.0,1.0
3.498336,0.001387,8388608.0,1.0,1.0
3.499725,0.001601,8388608.0,1.0,1.0
3.501329,4.6e-05,32768.0,1.0,1.0
3.501377,0.001406,8388608.0,1.0,1.0
3.502785,0.001601,8388608.0,1.0,1.0
3.504389,4.6e-05,32768.0,1.0,1.0
3.504438,0.001391,8388608.0,1.0,1.0
3.50583,0.001601,8388608.0,1.0,1.0
3.507434,4.7e-05,32768.0,1.0,1.0
3.507484,0.001384,8388608.0,1.0,1.0
3.508871,0.0016,8388608.0,1.0,1.0
3.510474,4.6e-05,32768.0,1.0,1.0
3.510523,0.001397,8388608.0,1.0,1.0
3.511924,0.001601,8388608.0,1.0,1.0
3.513529,4.6e-05,32768.0,1.0,1.0
3.513577,0.001397,8388608.0,1.0,1.0
3.514977,0.001601,8388608.0,1.0,1.0
3.516582,4.6e-05,32768.0,1.0,1.0
3.516633,0.001384,8388608.0,1.0,1.0
3.518021,0.001601,8388608.0,1.0,1.0
3.519624,4.6e-05,32768.0,1.0,1.0
3.519673,0.001385,8388608.0,1.0,1.0
3.521061,0.001601,8388608.0,1.0,1.0
3.522664,4.6e-05,32768.0,1.0,1.0
3.522713,0.001383,8388608.0,1.0,1.0
3.5241,0.001601,8388608.0,1.0,1.0
3.525706,4.7e-05,32768.0,1.0,1.0
3.525756,0.001384,8388608.0,1.0,1.0
3.527144,0.001601,8388608.0,1.0,1.0
3.52875,4.7e-05,32768.0,1.0,1.0
3.528799,0.001381,8388608.0,1.0,1.0
3.530182,0.001601,8388608.0,1.0,1.0
3.531787,4.5e-05,32768.0,1.0,1.0
3.531837,0.001386,8388608.0,1.0,1.0
3.533225,0.001601,8388608.0,1.0,1.0
3.534828,4.8e-05,32768.0,1.0,1.0
3.534879,0.001414,8388608.0,1.0,1.0
3.536296,0.001601,8388608.0,1.0,1.0
3.5379,4.7e-05,32768.0,1.0,1.0
3.53795,0.001391,8388608.0,1.0,1.0
3.539343,0.001601,8388608.0,1.0,1.0
3.540948,4.9e-05,32768.0,1.0,1.0
3.541001,0.001391,8388608.0,1.0,1.0
3.542395,0.001601,8388608.0,1.0,1.0
3.544,4.8e-05,32768.0,1.0,1.0
3.54405,0.001384,8388608.0,1.0,1.0
3.545437,0.0016,8388608.0,1.0,1.0
3.54704,4.7e-05,32768.0,1.0,1.0
3.547089,0.001393,8388608.0,1.0,1.0
3.548486,0.001602,8388608.0,1.0,1.0
3.550091,4.7e-05,32768.0,1.0,1.0
3.55014,0.001396,8388608.0,1.0,1.0
3.551539,0.001602,8388608.0,1.0,1.0
3.553144,4.6e-05,32768.0,1.0,1.0
3.553192,0.001385,8388608.0,1.0,1.0
3.55458,0.001601,8388608.0,1.0,1.0
3.556184,4.9e-05,32768.0,1.0,1.0
3.556237,0.001381,8388608.0,1.0,1.0
3.557621,0.001601,8388608.0,1.0,1.0
3.559225,4.8e-05,32768.0,1.0,1.0
3.559275,0.001396,8388608.0,1.0,1.0
3.560673,0.001601,8388608.0,1.0,1.0
3.562278,4.7e-05,32768.0,1.0,1.0
3.562329,0.001384,8388608.0,1.0,1.0
3.563716,0.001601,8388608.0,1.0,1.0
3.565319,4.7e-05,32768.0,1.0,1.0
3.565369,0.001383,8388608.0,1.0,1.0
3.566755,0.001601,8388608.0,1.0,1.0
3.568359,4.5e-05,32768.0,1.0,1.0
3.568406,0.001397,8388608.0,1.0,1.0
3.569806,0.001601,8388608.0,1.0,1.0
3.571411,4.8e-05,32768.0,1.0,1.0
3.571464,0.00141,8388608.0,1.0,1.0
3.572876,0.001601,8388608.0,1.0,1.0
3.57448,4.6e-05,32768.0,1.0,1.0
3.574528,0.001404,8388608.0,1.0,1.0
3.575935,0.001601,8388608.0,1.0,1.0
3.577539,4.6e-05,32768.0,1.0,1.0
3.577588,0.001384,8388608.0,1.0,1.0
3.578976,0.001602,8388608.0,1.0,1.0
3.580581,4.8e-05,32768.0,1.0,1.0
3.580632,0.001388,8388608.0,1.0,1.0
3.582023,0.001601,8388608.0,1.0,1.0
3.583627,5e-05,32768.0,1.0,1.0
3.583679,0.001393,8388608.0,1.0,1.0
3.585075,0.001601,8388608.0,1.0,1.0
3.586678,4.5e-05,32768.0,1.0,1.0
3.586728,0.001384,8388608.0,1.0,1.0
3.588114,0.001601,8388608.0,1.0,1.0
3.589717,4.7e-05,32768.0,1.0,1.0
3.589767,0.001386,8388608.0,1.0,1.0
3.591157,0.001602,8388608.0,1.0,1.0
3.592763,4.6e-05,32768.0,1.0,1.0
3.592812,0.001383,8388608.0,1.0,1.0
3.594199,0.001602,8388608.0,1.0,1.0
3.595804,4.5e-05,32768.0,1.0,1.0
3.595851,0.001384,8388608.0,1.0,1.0
3.597238,0.001603,8388608.0,1.0,1.0
3.598844,4.6e-05,32768.0,1.0,1.0
3.598892,0.001388,8388608.0,1.0,1.0
3.600282,0.001601,8388608.0,1.0,1.0
3.601888,4.5e-05,32768.0,1.0,1.0
3.601935,0.001393,8388608.0,1.0,1.0
3.603331,0.001602,8388608.0,1.0,1.0
3.604936,4.6e-05,32768.0,1.0,1.0
3.604985,0.001383,8388608.0,1.0,1.0
3.606373,0.001603,8388608.0,1.0,1.0
3.607978,4.6e-05,32768.0,1.0,1.0
3.608027,0.001392,8388608.0,1.0,1.0
3.609422,0.001603,8388608.0,1.0,1.0
3.611027,4.6e-05,32768.0,1.0,1.0
3.611076,0.001402,8388608.0,1.0,1.0
3.61248,0.001602,8388608.0,1.0,1.0
3.614085,4.7e-05,32768.0,1.0,1.0
3.614135,0.001385,8388608.0,1.0,1.0
3.615523,0.001603,8388608.0,1.0,1.0
3.617129,4.5e-05,32768.0,1.0,1.0
3.617176,0.001384,8388608.0,1.0,1.0
3.618563,0.001603,8388608.0,1.0,1.0
3.62017,4.8e-05,32768.0,1.0,1.0
3.62022,0.001405,8388608.0,1.0,1.0
3.621628,0.001603,8388608.0,1.0,1.0
3.623235,4.6e-05,32768.0,1.0,1.0
3.623284,0.001396,8388608.0,1.0,1.0
3.638012,0.001602,8388608.0,1.0,1.0
3.639617,4.7e-05,32768.0,1.0,1.0
3.639666,0.001398,8388608.0,1.0,1.0
3.641068,0.001602,8388608.0,1.0,1.0
3.642672,4.9e-05,32768.0,1.0,1.0
3.642724,0.001403,8388608.0,1.0,1.0
3.64413,0.001602,8388608.0,1.0,1.0
3.645734,4.7e-05,32768.0,1.0,1.0
3.645783,0.001396,8388608.0,1.0,1.0
3.647183,0.001602,8388608.0,1.0,1.0
3.648788,4.7e-05,32768.0,1.0,1.0
3.648838,0.001382,8388608.0,1.0,1.0
3.650225,0.001602,8388608.0,1.0,1.0
3.651829,4.9e-05,32768.0,1.0,1.0
3.651881,0.001386,8388608.0,1.0,1.0
3.653271,0.001601,8388608.0,1.0,1.0
3.654876,4.7e-05,32768.0,1.0,1.0
3.654926,0.001384,8388608.0,1.0,1.0
3.656313,0.001601,8388608.0,1.0,1.0
3.657917,4.7e-05,32768.0,1.0,1.0
3.657967,0.001397,8388608.0,1.0,1.0
3.659366,0.001601,8388608.0,1.0,1.0
3.66097,4.9e-05,32768.0,1.0,1.0
3.661022,0.001403,8388608.0,1.0,1.0
3.662428,0.001601,8388608.0,1.0,1.0
3.664032,4.7e-05,32768.0,1.0,1.0
3.664082,0.001384,8388608.0,1.0,1.0
3.665469,0.001601,8388608.0,1.0,1.0
3.667072,4.7e-05,32768.0,1.0,1.0
3.667122,0.001384,8388608.0,1.0,1.0
3.668508,0.001601,8388608.0,1.0,1.0
3.670114,4.7e-05,32768.0,1.0,1.0
3.670163,0.001402,8388608.0,1.0,1.0
3.671567,0.001601,8388608.0,1.0,1.0
3.673171,4.7e-05,32768.0,1.0,1.0
3.673221,0.001411,8388608.0,1.0,1.0
3.674634,0.001602,8388608.0,1.0,1.0
3.676238,4.6e-05,32768.0,1.0,1.0
3.676287,0.001389,8388608.0,1.0,1.0
3.677681,0.001601,8388608.0,1.0,1.0
3.679285,4.9e-05,32768.0,1.0,1.0
3.679337,0.001392,8388608.0,1.0,1.0
3.680733,0.001601,8388608.0,1.0,1.0
3.682336,4.7e-05,32768.0,1.0,1.0
3.682388,0.001383,8388608.0,1.0,1.0
3.683774,0.001601,8388608.0,1.0,1.0
3.685378,4.9e-05,32768.0,1.0,1.0
3.68543,0.00139,8388608.0,1.0,1.0
3.686824,0.001601,8388608.0,1.0,1.0
3.688428,4.8e-05,32768.0,1.0,1.0
3.688479,0.001397,8388608.0,1.0,1.0
3.68988,0.001602,8388608.0,1.0,1.0
3.691484,5.1e-05,32768.0,1.0,1.0
3.691537,0.001386,8388608.0,1.0,1.0
3.692926,0.001601,8388608.0,1.0,1.0
3.694531,4.7e-05,32768.0,1.0,1.0
3.694581,0.001391,8388608.0,1.0,1.0
3.695975,0.001601,8388608.0,1.0,1.0
3.69758,4.6e-05,32768.0,1.0,1.0
3.697628,0.001384,8388608.0,1.0,1.0
3.699015,0.001602,8388608.0,1.0,1.0
3.700619,4.9e-05,32768.0,1.0,1.0
3.700671,0.001389,8388608.0,1.0,1.0
3.702063,0.001601,8388608.0,1.0,1.0
3.703666,4.7e-05,32768.0,1.0,1.0
3.703715,0.001397,8388608.0,1.0,1.0
3.705115,0.001602,8388608.0,1.0,1.0
3.706719,4.8e-05,32768.0,1.0,1.0
3.70677,0.001418,8388608.0,1.0,1.0
3.70819,0.001601,8388608.0,1.0,1.0
3.709793,4.7e-05,32768.0,1.0,1.0
3.709844,0.001412,8388608.0,1.0,1.0
3.71126,0.001601,8388608.0,1.0,1.0
3.712863,4.6e-05,32768.0,1.0,1.0
3.712913,0.001386,8388608.0,1.0,1.0
3.714304,0.001601,8388608.0,1.0,1.0
3.715907,4.7e-05,32768.0,1.0,1.0
3.715957,0.001403,8388608.0,1.0,1.0
3.717364,0.001601,8388608.0,1.0,1.0
3.718969,4.7e-05,32768.0,1.0,1.0
3.719018,0.001397,8388608.0,1.0,1.0
3.72042,0.001601,8388608.0,1.0,1.0
3.722023,4.6e-05,32768.0,1.0,1.0
3.722072,0.001389,8388608.0,1.0,1.0
3.723463,0.001602,8388608.0,1.0,1.0
3.725067,4.7e-05,32768.0,1.0,1.0
3.725119,0.001385,8388608.0,1.0,1.0
3.726506,0.001602,8388608.0,1.0,1.0
3.72811,4.7e-05,32768.0,1.0,1.0
3.728161,0.001396,8388608.0,1.0,1.0
3.72956,0.001602,8388608.0,1.0,1.0
3.731164,4.6e-05,32768.0,1.0,1.0
3.731212,0.001389,8388608.0,1.0,1.0
3.732603,0.001601,8388608.0,1.0,1.0
3.734207,4.9e-05,32768.0,1.0,1.0
3.734258,0.001397,8388608.0,1.0,1.0
3.735658,0.001602,8388608.0,1.0,1.0
3.737263,4.9e-05,32768.0,1.0,1.0
3.737314,0.001385,8388608.0,1.0,1.0
3.738702,0.001601,8388608.0,1.0,1.0
3.740305,4.7e-05,32768.0,1.0,1.0
3.740354,0.001386,8388608.0,1.0,1.0
3.741742,0.001602,8388608.0,1.0,1.0
3.743348,4.7e-05,32768.0,1.0,1.0
3.743398,0.001384,8388608.0,1.0,1.0
3.744785,0.001602,8388608.0,1.0,1.0
3.746391,4.7e-05,32768.0,1.0,1.0
3.74644,0.001388,8388608.0,1.0,1.0
3.747832,0.001601,8388608.0,1.0,1.0
3.749436,4.8e-05,32768.0,1.0,1.0
3.749487,0.001398,8388608.0,1.0,1.0
3.750889,0.001602,8388608.0,1.0,1.0
3.752493,4.7e-05,32768.0,1.0,1.0
3.752544,0.001396,8388608.0,1.0,1.0
3.753943,0.001602,8388608.0,1.0,1.0
3.755547,4.7e-05,32768.0,1.0,1.0
3.755598,0.001386,8388608.0,1.0,1.0
3.756987,0.001601,8388608.0,1.0,1.0
3.75859,4.7e-05,32768.0,1.0,1.0
3.75864,0.001383,8388608.0,1.0,1.0
3.760026,0.001601,8388608.0,1.0,1.0
3.76163,4.5e-05,32768.0,1.0,1.0
3.761678,0.001387,8388608.0,1.0,1.0
3.763068,0.001602,8388608.0,1.0,1.0
3.764672,4.9e-05,32768.0,1.0,1.0
3.764724,0.001383,8388608.0,1.0,1.0
3.76611,0.001601,8388608.0,1.0,1.0
3.767713,4.7e-05,32768.0,1.0,1.0
3.767763,0.001383,8388608.0,1.0,1.0
3.769148,0.001602,8388608.0,1.0,1.0
3.770754,5.1e-05,32768.0,1.0,1.0
3.770809,0.001385,8388608.0,1.0,1.0
3.772196,0.001602,8388608.0,1.0,1.0
3.773802,4.7e-05,32768.0,1.0,1.0
3.773854,0.001387,8388608.0,1.0,1.0
3.775245,0.001602,8388608.0,1.0,1.0
3.77685,4.7e-05,32768.0,1.0,1.0
3.776899,0.001402,8388608.0,1.0,1.0
3.778303,0.001603,8388608.0,1.0,1.0
3.779908,4.9e-05,32768.0,1.0,1.0
3.779959,0.001404,8388608.0,1.0,1.0
3.781365,0.001602,8388608.0,1.0,1.0
3.78297,4.9e-05,32768.0,1.0,1.0
3.783022,0.001383,8388608.0,1.0,1.0
3.784407,0.001602,8388608.0,1.0,1.0
3.786014,4.7e-05,32768.0,1.0,1.0
3.786065,0.001392,8388608.0,1.0,1.0
3.787461,0.001601,8388608.0,1.0,1.0
3.789065,4.7e-05,32768.0,1.0,1.0
3.789115,0.001386,8388608.0,1.0,1.0
3.790505,0.001602,8388608.0,1.0,1.0
3.792109,4.7e-05,32768.0,1.0,1.0
3.792159,0.001387,8388608.0,1.0,1.0
3.793548,0.001601,8388608.0,1.0,1.0
3.795152,4.7e-05,32768.0,1.0,1.0
3.795203,0.001395,8388608.0,1.0,1.0
3.7966,0.001602,8388608.0,1.0,1.0
3.798205,4.7e-05,32768.0,1.0,1.0
3.798255,0.001394,8388608.0,1.0,1.0
3.799651,0.001602,8388608.0,1.0,1.0
3.801256,4.8e-05,32768.0,1.0,1.0
3.801308,0.001384,8388608.0,1.0,1.0
3.802695,0.001601,8388608.0,1.0,1.0
3.8043,4.8e-05,32768.0,1.0,1.0
3.804352,0.001391,8388608.0,1.0,1.0
3.805745,0.001602,8388608.0,1.0,1.0
3.807349,4.8e-05,32768.0,1.0,1.0
3.8074,0.001386,8388608.0,1.0,1.0
3.808789,0.001602,8388608.0,1.0,1.0
3.810395,4.8e-05,32768.0,1.0,1.0
3.810445,0.001389,8388608.0,1.0,1.0
3.811838,0.001602,8388608.0,1.0,1.0
3.813441,4.8e-05,32768.0,1.0,1.0
3.813492,0.001385,8388608.0,1.0,1.0
3.81488,0.001602,8388608.0,1.0,1.0
3.816486,4.7e-05,32768.0,1.0,1.0
3.816537,0.001384,8388608.0,1.0,1.0
3.817925,0.001602,8388608.0,1.0,1.0
3.819531,4.6e-05,32768.0,1.0,1.0
3.81958,0.001414,8388608.0,1.0,1.0
3.820997,0.001602,8388608.0,1.0,1.0
3.822603,4.7e-05,32768.0,1.0,1.0
3.822653,0.001396,8388608.0,1.0,1.0
3.824051,0.001602,8388608.0,1.0,1.0
3.825656,4.9e-05,32768.0,1.0,1.0
3.825707,0.001399,8388608.0,1.0,1.0
3.827108,0.001602,8388608.0,1.0,1.0
3.828712,4.9e-05,32768.0,1.0,1.0
3.828764,0.001386,8388608.0,1.0,1.0
3.830152,0.001602,8388608.0,1.0,1.0
3.831759,4.8e-05,32768.0,1.0,1.0
3.831811,0.001384,8388608.0,1.0,1.0
3.833199,0.001603,8388608.0,1.0,1.0
3.834807,4.8e-05,32768.0,1.0,1.0
3.834859,0.001396,8388608.0,1.0,1.0
3.836257,0.001602,8388608.0,1.0,1.0
3.837862,4.6e-05,32768.0,1.0,1.0
3.83791,0.001402,8388608.0,1.0,1.0
3.839315,0.001601,8388608.0,1.0,1.0
3.84092,4.8e-05,32768.0,1.0,1.0
3.840972,0.001385,8388608.0,1.0,1.0
3.84236,0.001601,8388608.0,1.0,1.0
3.843964,4.7e-05,32768.0,1.0,1.0
3.844012,0.001395,8388608.0,1.0,1.0
3.84541,0.001601,8388608.0,1.0,1.0
3.847014,4.7e-05,32768.0,1.0,1.0
3.847064,0.001395,8388608.0,1.0,1.0
3.848462,0.001602,8388608.0,1.0,1.0
3.850068,4.7e-05,32768.0,1.0,1.0
3.850117,0.00139,8388608.0,1.0,1.0
3.85151,0.001601,8388608.0,1.0,1.0
3.853114,4.7e-05,32768.0,1.0,1.0
3.853165,0.001389,8388608.0,1.0,1.0
3.854556,0.001602,8388608.0,1.0,1.0
3.856162,4.7e-05,32768.0,1.0,1.0
3.856214,0.001384,8388608.0,1.0,1.0
3.8576,0.001602,8388608.0,1.0,1.0
3.859204,4.7e-05,32768.0,1.0,1.0
3.859253,0.001411,8388608.0,1.0,1.0
3.860667,0.001602,8388608.0,1.0,1.0
3.862272,4.7e-05,32768.0,1.0,1.0
3.862323,0.001395,8388608.0,1.0,1.0
3.863722,0.001601,8388608.0,1.0,1.0
3.865328,4.7e-05,32768.0,1.0,1.0
3.865377,0.001384,8388608.0,1.0,1.0
3.866763,0.001601,8388608.0,1.0,1.0
3.868367,4.7e-05,32768.0,1.0,1.0
3.868417,0.001387,8388608.0,1.0,1.0
3.869806,0.001602,8388608.0,1.0,1.0
3.87141,4.6e-05,32768.0,1.0,1.0
3.871461,0.001393,8388608.0,1.0,1.0
3.872856,0.001601,8388608.0,1.0,1.0
3.87446,4.8e-05,32768.0,1.0,1.0
3.87451,0.001401,8388608.0,1.0,1.0
3.875914,0.001601,8388608.0,1.0,1.0
3.877518,4.7e-05,32768.0,1.0,1.0
3.877569,0.001386,8388608.0,1.0,1.0
3.878959,0.001602,8388608.0,1.0,1.0
3.880566,5e-05,32768.0,1.0,1.0
3.880619,0.001389,8388608.0,1.0,1.0
3.882012,0.001602,8388608.0,1.0,1.0
3.883616,4.7e-05,32768.0,1.0,1.0
3.883665,0.0014,8388608.0,1.0,1.0
3.885067,0.001601,8388608.0,1.0,1.0
3.886671,4.8e-05,32768.0,1.0,1.0
3.886722,0.001384,8388608.0,1.0,1.0
3.888109,0.001601,8388608.0,1.0,1.0
3.889712,4.9e-05,32768.0,1.0,1.0
3.889763,0.001388,8388608.0,1.0,1.0
3.891154,0.001602,8388608.0,1.0,1.0
3.89276,4.7e-05,32768.0,1.0,1.0
3.892811,0.001391,8388608.0,1.0,1.0
3.894204,0.001602,8388608.0,1.0,1.0
3.89581,4.7e-05,32768.0,1.0,1.0
3.895861,0.001392,8388608.0,1.0,1.0
3.897256,0.001602,8388608.0,1.0,1.0
3.898862,4.7e-05,32768.0,1.0,1.0
3.898913,0.001405,8388608.0,1.0,1.0
3.90032,0.001602,8388608.0,1.0,1.0
3.901926,4.7e-05,32768.0,1.0,1.0
3.901976,0.001395,8388608.0,1.0,1.0
3.903374,0.001602,8388608.0,1.0,1.0
3.904978,4.8e-05,32768.0,1.0,1.0
3.905029,0.001395,8388608.0,1.0,1.0
3.906427,0.001601,8388608.0,1.0,1.0
3.90803,4.9e-05,32768.0,1.0,1.0
3.908083,0.001388,8388608.0,1.0,1.0
3.909474,0.001601,8388608.0,1.0,1.0
3.911078,4.7e-05,32768.0,1.0,1.0
3.911128,0.001396,8388608.0,1.0,1.0
3.912527,0.001602,8388608.0,1.0,1.0
3.914133,4.7e-05,32768.0,1.0,1.0
3.914182,0.001393,8388608.0,1.0,1.0
3.915577,0.001602,8388608.0,1.0,1.0
3.917181,4.9e-05,32768.0,1.0,1.0
3.917233,0.001394,8388608.0,1.0,1.0
3.918629,0.001601,8388608.0,1.0,1.0
3.920233,4.7e-05,32768.0,1.0,1.0
3.920283,0.001386,8388608.0,1.0,1.0
3.921672,0.001601,8388608.0,1.0,1.0
3.923275,4.7e-05,32768.0,1.0,1.0
3.923325,0.001402,8388608.0,1.0,1.0
3.924731,0.001601,8388608.0,1.0,1.0
3.926335,4.7e-05,32768.0,1.0,1.0
3.926385,0.001384,8388608.0,1.0,1.0
3.927772,0.001602,8388608.0,1.0,1.0
3.929378,4.8e-05,32768.0,1.0,1.0
3.929429,0.001384,8388608.0,1.0,1.0
3.930815,0.001602,8388608.0,1.0,1.0
3.93242,4.8e-05,32768.0,1.0,1.0
3.932471,0.001386,8388608.0,1.0,1.0
3.933859,0.001602,8388608.0,1.0,1.0
3.935464,4.9e-05,32768.0,1.0,1.0
3.935516,0.001403,8388608.0,1.0,1.0
3.936922,0.001601,8388608.0,1.0,1.0
3.938527,4.6e-05,32768.0,1.0,1.0
3.938575,0.0014,8388608.0,1.0,1.0
3.939978,0.001601,8388608.0,1.0,1.0
3.941582,4.7e-05,32768.0,1.0,1.0
3.941632,0.001404,8388608.0,1.0,1.0
3.956343,0.001601,8388608.0,1.0,1.0
3.957947,4.9e-05,32768.0,1.0,1.0
3.957998,0.001383,8388608.0,1.0,1.0
3.959384,0.001601,8388608.0,1.0,1.0
3.960989,5e-05,32768.0,1.0,1.0
3.961041,0.001387,8388608.0,1.0,1.0
3.96243,0.001602,8388608.0,1.0,1.0
3.964036,4.8e-05,32768.0,1.0,1.0
3.964087,0.001397,8388608.0,1.0,1.0
3.965487,0.001602,8388608.0,1.0,1.0
3.967091,4.9e-05,32768.0,1.0,1.0
3.967143,0.001384,8388608.0,1.0,1.0
3.96853,0.001602,8388608.0,1.0,1.0
3.970134,4.8e-05,32768.0,1.0,1.0
3.970184,0.001391,8388608.0,1.0,1.0
3.971577,0.001601,8388608.0,1.0,1.0
3.973181,4.7e-05,32768.0,1.0,1.0
3.973231,0.001393,8388608.0,1.0,1.0
3.974627,0.001603,8388608.0,1.0,1.0
3.976233,4.8e-05,32768.0,1.0,1.0
3.976284,0.001396,8388608.0,1.0,1.0
3.977683,0.001602,8388608.0,1.0,1.0
3.979287,5e-05,32768.0,1.0,1.0
3.979339,0.001394,8388608.0,1.0,1.0
3.980735,0.001602,8388608.0,1.0,1.0
3.982339,4.8e-05,32768.0,1.0,1.0
3.98239,0.001388,8388608.0,1.0,1.0
3.983781,0.001602,8388608.0,1.0,1.0
3.985385,4.9e-05,32768.0,1.0,1.0
3.985438,0.001399,8388608.0,1.0,1.0
3.986839,0.001602,8388608.0,1.0,1.0
3.988444,4.6e-05,32768.0,1.0,1.0
3.988492,0.001384,8388608.0,1.0,1.0
3.989878,0.001601,8388608.0,1.0,1.0
3.991482,4.6e-05,32768.0,1.0,1.0
3.991531,0.001384,8388608.0,1.0,1.0
3.992918,0.001601,8388608.0,1.0,1.0
3.994523,4.8e-05,32768.0,1.0,1.0
3.994574,0.001386,8388608.0,1.0,1.0
3.995962,0.001602,8388608.0,1.0,1.0
3.997567,4.6e-05,32768.0,1.0,1.0
3.997616,0.001391,8388608.0,1.0,1.0
3.999011,0.001602,8388608.0,1.0,1.0
4.000616,4.8e-05,32768.0,1.0,1.0
4.000666,0.001408,8388608.0,1.0,1.0
4.002078,0.001601,8388608.0,1.0,1.0
4.003682,5e-05,32768.0,1.0,1.0
4.003735,0.0014,8388608.0,1.0,1.0
4.005137,0.001601,8388608.0,1.0,1.0
4.00674,4.8e-05,32768.0,1.0,1.0
4.006791,0.001384,8388608.0,1.0,1.0
4.008177,0.001602,8388608.0,1.0,1.0
4.009782,4.8e-05,32768.0,1.0,1.0
4.009834,0.001391,8388608.0,1.0,1.0
4.011227,0.001603,8388608.0,1.0,1.0
4.012832,5e-05,32768.0,1.0,1.0
4.012885,0.001386,8388608.0,1.0,1.0
4.014273,0.001602,8388608.0,1.0,1.0
4.015877,5.1e-05,32768.0,1.0,1.0
4.015931,0.001389,8388608.0,1.0,1.0
4.017324,0.001601,8388608.0,1.0,1.0
4.018927,4.8e-05,32768.0,1.0,1.0
4.018977,0.001383,8388608.0,1.0,1.0
4.020363,0.001601,8388608.0,1.0,1.0
4.021968,4.8e-05,32768.0,1.0,1.0
4.02202,0.001408,8388608.0,1.0,1.0
4.023433,0.001601,8388608.0,1.0,1.0
4.025036,4.7e-05,32768.0,1.0,1.0
4.025085,0.001385,8388608.0,1.0,1.0
4.026472,0.001601,8388608.0,1.0,1.0
4.028076,4.6e-05,32768.0,1.0,1.0
4.028124,0.001386,8388608.0,1.0,1.0
4.029513,0.001602,8388608.0,1.0,1.0
4.031119,4.6e-05,32768.0,1.0,1.0
4.031168,0.001384,8388608.0,1.0,1.0
4.032556,0.001601,8388608.0,1.0,1.0
4.034162,4.8e-05,32768.0,1.0,1.0
4.034213,0.001401,8388608.0,1.0,1.0
4.035616,0.001602,8388608.0,1.0,1.0
4.037221,4.8e-05,32768.0,1.0,1.0
4.037273,0.001391,8388608.0,1.0,1.0
4.038667,0.001601,8388608.0,1.0,1.0
4.040272,4.9e-05,32768.0,1.0,1.0
4.040324,0.001392,8388608.0,1.0,1.0
4.041719,0.001602,8388608.0,1.0,1.0
4.043323,4.8e-05,32768.0,1.0,1.0
4.043373,0.001394,8388608.0,1.0,1.0
4.044769,0.001601,8388608.0,1.0,1.0
4.046373,4.8e-05,32768.0,1.0,1.0
4.046424,0.001383,8388608.0,1.0,1.0
4.04781,0.001601,8388608.0,1.0,1.0
4.049413,4.8e-05,32768.0,1.0,1.0
4.049463,0.001383,8388608.0,1.0,1.0
4.050849,0.001601,8388608.0,1.0,1.0
4.052453,4.8e-05,32768.0,1.0,1.0
4.052504,0.001398,8388608.0,1.0,1.0
4.053906,0.001601,8388608.0,1.0,1.0
4.05551,4.8e-05,32768.0,1.0,1.0
4.055561,0.001384,8388608.0,1.0,1.0
4.056948,0.001601,8388608.0,1.0,1.0
4.058552,4.7e-05,32768.0,1.0,1.0
4.058603,0.001384,8388608.0,1.0,1.0
4.059991,0.001602,8388608.0,1.0,1.0
4.061595,4.9e-05,32768.0,1.0,1.0
4.061646,0.001385,8388608.0,1.0,1.0
4.063034,0.001602,8388608.0,1.0,1.0
4.06464,4.8e-05,32768.0,1.0,1.0
4.06469,0.001384,8388608.0,1.0,1.0
4.066078,0.001601,8388608.0,1.0,1.0
4.067683,4.9e-05,32768.0,1.0,1.0
4.067735,0.001384,8388608.0,1.0,1.0
4.069121,0.001602,8388608.0,1.0,1.0
4.070727,4.8e-05,32768.0,1.0,1.0
4.070778,0.001384,8388608.0,1.0,1.0
4.072165,0.001602,8388608.0,1.0,1.0
4.073769,4.8e-05,32768.0,1.0,1.0
4.073819,0.001399,8388608.0,1.0,1.0
4.075222,0.001601,8388608.0,1.0,1.0
4.076827,4.7e-05,32768.0,1.0,1.0
4.076877,0.001386,8388608.0,1.0,1.0
4.078265,0.001602,8388608.0,1.0,1.0
4.07987,4.8e-05,32768.0,1.0,1.0
4.07992,0.001384,8388608.0,1.0,1.0
4.081306,0.001601,8388608.0,1.0,1.0
4.082912,4.8e-05,32768.0,1.0,1.0
4.082962,0.001391,8388608.0,1.0,1.0
4.084356,0.001602,8388608.0,1.0,1.0
4.08596,4.8e-05,32768.0,1.0,1.0
4.086011,0.001392,8388608.0,1.0,1.0
4.087406,0.001602,8388608.0,1.0,1.0
4.089011,4.8e-05,32768.0,1.0,1.0
4.089062,0.001384,8388608.0,1.0,1.0
4.090448,0.001602,8388608.0,1.0,1.0
4.092053,4.8e-05,32768.0,1.0,1.0
4.092103,0.001395,8388608.0,1.0,1.0
4.093501,0.001601,8388608.0,1.0,1.0
4.095106,4.8e-05,32768.0,1.0,1.0
4.095156,0.001397,8388608.0,1.0,1.0
4.096556,0.001602,8388608.0,1.0,1.0
4.098162,4.8e-05,32768.0,1.0,1.0
4.098215,0.001394,8388608.0,1.0,1.0
4.099612,0.001602,8388608.0,1.0,1.0
4.101217,4.8e-05,32768.0,1.0,1.0
4.101269,0.0014,8388608.0,1.0,1.0
4.102673,0.001603,8388608.0,1.0,1.0
4.104278,4.7e-05,32768.0,1.0,1.0
4.104329,0.001386,8388608.0,1.0,1.0
4.105717,0.001602,8388608.0,1.0,1.0
4.107321,4.9e-05,32768.0,1.0,1.0
4.107374,0.001397,8388608.0,1.0,1.0
4.108773,0.001602,8388608.0,1.0,1.0
4.110379,4.9e-05,32768.0,1.0,1.0
4.11043,0.001384,8388608.0,1.0,1.0
4.111816,0.001601,8388608.0,1.0,1.0
4.11342,4.7e-05,32768.0,1.0,1.0
4.11347,0.001397,8388608.0,1.0,1.0
4.11487,0.001602,8388608.0,1.0,1.0
4.116474,4.8e-05,32768.0,1.0,1.0
4.116524,0.001398,8388608.0,1.0,1.0
4.117925,0.001602,8388608.0,1.0,1.0
4.11953,4.9e-05,32768.0,1.0,1.0
4.119582,0.001398,8388608.0,1.0,1.0
4.120983,0.001601,8388608.0,1.0,1.0
4.122586,4.9e-05,32768.0,1.0,1.0
4.122638,0.001384,8388608.0,1.0,1.0
4.124025,0.001602,8388608.0,1.0,1.0
4.125629,4.8e-05,32768.0,1.0,1.0
4.125681,0.001402,8388608.0,1.0,1.0
4.127086,0.001602,8388608.0,1.0,1.0
4.12869,4.8e-05,32768.0,1.0,1.0
4.128741,0.001383,8388608.0,1.0,1.0
4.130127,0.001601,8388608.0,1.0,1.0
4.13173,4.8e-05,32768.0,1.0,1.0
4.13178,0.001391,8388608.0,1.0,1.0
4.133174,0.001602,8388608.0,1.0,1.0
4.134779,4.8e-05,32768.0,1.0,1.0
4.13483,0.00139,8388608.0,1.0,1.0
4.136223,0.001603,8388608.0,1.0,1.0
4.13783,4.8e-05,32768.0,1.0,1.0
4.13788,0.001395,8388608.0,1.0,1.0
4.139277,0.001601,8388608.0,1.0,1.0
4.140882,5e-05,32768.0,1.0,1.0
4.140935,0.001385,8388608.0,1.0,1.0
4.142323,0.001602,8388608.0,1.0,1.0
4.143927,4.8e-05,32768.0,1.0,1.0
4.143977,0.001395,8388608.0,1.0,1.0
4.145375,0.001602,8388608.0,1.0,1.0
4.146979,4.9e-05,32768.0,1.0,1.0
4.14703,0.001401,8388608.0,1.0,1.0
4.148433,0.001602,8388608.0,1.0,1.0
4.150038,4.7e-05,32768.0,1.0,1.0
4.150088,0.001384,8388608.0,1.0,1.0
4.151474,0.001602,8388608.0,1.0,1.0
4.153079,4.7e-05,32768.0,1.0,1.0
4.153129,0.001384,8388608.0,1.0,1.0
4.154515,0.001602,8388608.0,1.0,1.0
4.15612,4.8e-05,32768.0,1.0,1.0
4.15617,0.001387,8388608.0,1.0,1.0
4.15756,0.001602,8388608.0,1.0,1.0
4.159165,4.8e-05,32768.0,1.0,1.0
4.159216,0.001389,8388608.0,1.0,1.0
4.160607,0.001602,8388608.0,1.0,1.0
4.162212,4.7e-05,32768.0,1.0,1.0
4.162262,0.001384,8388608.0,1.0,1.0
4.163648,0.001602,8388608.0,1.0,1.0
4.165253,5e-05,32768.0,1.0,1.0
4.165305,0.001411,8388608.0,1.0,1.0
4.166719,0.001602,8388608.0,1.0,1.0
4.168323,4.9e-05,32768.0,1.0,1.0
4.168376,0.001404,8388608.0,1.0,1.0
4.169785,0.001602,8388608.0,1.0,1.0
4.171389,5e-05,32768.0,1.0,1.0
4.171443,0.001384,8388608.0,1.0,1.0
4.172831,0.001602,8388608.0,1.0,1.0
4.174437,4.8e-05,32768.0,1.0,1.0
4.174488,0.001385,8388608.0,1.0,1.0
4.175875,0.001601,8388608.0,1.0,1.0
4.177479,4.7e-05,32768.0,1.0,1.0
4.177529,0.001395,8388608.0,1.0,1.0
4.178927,0.001602,8388608.0,1.0,1.0
4.180531,4.7e-05,32768.0,1.0,1.0
4.180581,0.001385,8388608.0,1.0,1.0
4.181968,0.001602,8388608.0,1.0,1.0
4.183573,4.9e-05,32768.0,1.0,1.0
4.183625,0.001393,8388608.0,1.0,1.0
4.185021,0.001602,8388608.0,1.0,1.0
4.186627,4.9e-05,32768.0,1.0,1.0
4.186678,0.001385,8388608.0,1.0,1.0
4.188066,0.001602,8388608.0,1.0,1.0
4.189671,5e-05,32768.0,1.0,1.0
4.189725,0.001396,8388608.0,1.0,1.0
4.191124,0.001602,8388608.0,1.0,1.0
4.192728,4.7e-05,32768.0,1.0,1.0
4.192778,0.001404,8388608.0,1.0,1.0
4.194184,0.001602,8388608.0,1.0,1.0
4.195788,4.8e-05,32768.0,1.0,1.0
4.195839,0.001397,8388608.0,1.0,1.0
4.197239,0.001601,8388608.0,1.0,1.0
4.198844,4.9e-05,32768.0,1.0,1.0
4.198897,0.00139,8388608.0,1.0,1.0
4.200289,0.001601,8388608.0,1.0,1.0
4.201893,4.8e-05,32768.0,1.0,1.0
4.201943,0.001391,8388608.0,1.0,1.0
4.203337,0.001601,8388608.0,1.0,1.0
4.204941,4.7e-05,32768.0,1.0,1.0
4.204992,0.001384,8388608.0,1.0,1.0
4.206379,0.001601,8388608.0,1.0,1.0
4.207982,4.8e-05,32768.0,1.0,1.0
4.208033,0.001385,8388608.0,1.0,1.0
4.20942,0.001602,8388608.0,1.0,1.0
4.211025,4.8e-05,32768.0,1.0,1.0
4.211076,0.001386,8388608.0,1.0,1.0
4.212465,0.001602,8388608.0,1.0,1.0
4.214071,4.8e-05,32768.0,1.0,1.0
4.214121,0.001391,8388608.0,1.0,1.0
4.215515,0.001602,8388608.0,1.0,1.0
4.217121,4.9e-05,32768.0,1.0,1.0
4.217173,0.001412,8388608.0,1.0,1.0
4.218589,0.001601,8388608.0,1.0,1.0
4.220195,4.7e-05,32768.0,1.0,1.0
4.220244,0.001382,8388608.0,1.0,1.0
4.22163,0.001601,8388608.0,1.0,1.0
4.223236,5e-05,32768.0,1.0,1.0
4.223288,0.001383,8388608.0,1.0,1.0
4.224673,0.001601,8388608.0,1.0,1.0
4.226277,5e-05,32768.0,1.0,1.0
4.22633,0.001397,8388608.0,1.0,1.0
4.22773,0.001602,8388608.0,1.0,1.0
4.229334,4.8e-05,32768.0,1.0,1.0
4.229385,0.001384,8388608.0,1.0,1.0
4.230771,0.001602,8388608.0,1.0,1.0
4.232375,4.9e-05,32768.0,1.0,1.0
4.232429,0.001393,8388608.0,1.0,1.0
4.233824,0.001602,8388608.0,1.0,1.0
4.235429,4.9e-05,32768.0,1.0,1.0
4.235481,0.001388,8388608.0,1.0,1.0
4.236872,0.001601,8388608.0,1.0,1.0
4.238475,4.7e-05,32768.0,1.0,1.0
4.238525,0.001403,8388608.0,1.0,1.0
4.23993,0.001602,8388608.0,1.0,1.0
4.241536,4.7e-05,32768.0,1.0,1.0
4.241587,0.001395,8388608.0,1.0,1.0
4.242987,0.001601,8388608.0,1.0,1.0
4.24459,4.7e-05,32768.0,1.0,1.0
4.24464,0.001407,8388608.0,1.0,1.0
4.246051,0.001601,8388608.0,1.0,1.0
4.247654,4.8e-05,32768.0,1.0,1.0
4.247706,0.001383,8388608.0,1.0,1.0
4.249092,0.001601,8388608.0,1.0,1.0
4.250695,4.8e-05,32768.0,1.0,1.0
4.250745,0.001398,8388608.0,1.0,1.0
4.252146,0.001601,8388608.0,1.0,1.0
4.253751,4.8e-05,32768.0,1.0,1.0
4.253804,0.001407,8388608.0,1.0,1.0
4.255214,0.001601,8388608.0,1.0,1.0
4.256818,4.8e-05,32768.0,1.0,1.0
4.25687,0.001395,8388608.0,1.0,1.0
4.258267,0.001602,8388608.0,1.0,1.0
4.259872,5e-05,32768.0,1.0,1.0
4.259925,0.001384,8388608.0,1.0,1.0
4.274623,0.001601,8388608.0,1.0,1.0
4.276229,4.8e-05,32768.0,1.0,1.0
4.276279,0.001385,8388608.0,1.0,1.0
4.277668,0.001602,8388608.0,1.0,1.0
4.279272,4.9e-05,32768.0,1.0,1.0
4.279324,0.001403,8388608.0,1.0,1.0
4.28073,0.001602,8388608.0,1.0,1.0
4.282334,4.9e-05,32768.0,1.0,1.0
4.282387,0.001389,8388608.0,1.0,1.0
4.283778,0.001601,8388608.0,1.0,1.0
4.285382,5e-05,32768.0,1.0,1.0
4.285435,0.001384,8388608.0,1.0,1.0
4.286821,0.001601,8388608.0,1.0,1.0
4.288425,4.8e-05,32768.0,1.0,1.0
4.288476,0.001386,8388608.0,1.0,1.0
4.289865,0.001602,8388608.0,1.0,1.0
4.29147,4.8e-05,32768.0,1.0,1.0
4.291521,0.001384,8388608.0,1.0,1.0
4.292909,0.001601,8388608.0,1.0,1.0
4.294513,4.9e-05,32768.0,1.0,1.0
4.294564,0.001401,8388608.0,1.0,1.0
4.295969,0.001601,8388608.0,1.0,1.0
4.297575,4.7e-05,32768.0,1.0,1.0
4.297625,0.001395,8388608.0,1.0,1.0
4.299022,0.001601,8388608.0,1.0,1.0
4.300625,5e-05,32768.0,1.0,1.0
4.300678,0.001386,8388608.0,1.0,1.0
4.302066,0.001602,8388608.0,1.0,1.0
4.303671,4.9e-05,32768.0,1.0,1.0
4.303722,0.001394,8388608.0,1.0,1.0
4.30512,0.001601,8388608.0,1.0,1.0
4.306724,4.9e-05,32768.0,1.0,1.0
4.306775,0.001393,8388608.0,1.0,1.0
4.308171,0.001603,8388608.0,1.0,1.0
4.309778,4.9e-05,32768.0,1.0,1.0
4.309829,0.001402,8388608.0,1.0,1.0
4.311234,0.001602,8388608.0,1.0,1.0
4.31284,4.8e-05,32768.0,1.0,1.0
4.312891,0.00139,8388608.0,1.0,1.0
4.314283,0.001601,8388608.0,1.0,1.0
4.315886,4.8e-05,32768.0,1.0,1.0
4.315939,0.00139,8388608.0,1.0,1.0
4.317332,0.001601,8388608.0,1.0,1.0
4.318935,4.9e-05,32768.0,1.0,1.0
4.318987,0.001395,8388608.0,1.0,1.0
4.320384,0.001601,8388608.0,1.0,1.0
4.32199,4.8e-05,32768.0,1.0,1.0
4.322042,0.001387,8388608.0,1.0,1.0
4.323432,0.001602,8388608.0,1.0,1.0
4.325036,4.9e-05,32768.0,1.0,1.0
4.325088,0.001396,8388608.0,1.0,1.0
4.326486,0.001602,8388608.0,1.0,1.0
4.32809,4.9e-05,32768.0,1.0,1.0
4.328142,0.00139,8388608.0,1.0,1.0
4.329536,0.001602,8388608.0,1.0,1.0
4.33114,4.7e-05,32768.0,1.0,1.0
4.33119,0.001391,8388608.0,1.0,1.0
4.332584,0.001601,8388608.0,1.0,1.0
4.334187,4.9e-05,32768.0,1.0,1.0
4.334239,0.001394,8388608.0,1.0,1.0
4.335635,0.001601,8388608.0,1.0,1.0
4.337239,4.8e-05,32768.0,1.0,1.0
4.337291,0.001409,8388608.0,1.0,1.0
4.338702,0.001602,8388608.0,1.0,1.0
4.340306,5e-05,32768.0,1.0,1.0
4.340359,0.001399,8388608.0,1.0,1.0
4.341761,0.001601,8388608.0,1.0,1.0
4.343364,4.8e-05,32768.0,1.0,1.0
4.343415,0.001401,8388608.0,1.0,1.0
4.344819,0.001602,8388608.0,1.0,1.0
4.346424,4.9e-05,32768.0,1.0,1.0
4.346475,0.001398,8388608.0,1.0,1.0
4.347876,0.001602,8388608.0,1.0,1.0
4.34948,4.9e-05,32768.0,1.0,1.0
4.349531,0.001387,8388608.0,1.0,1.0
4.350921,0.001602,8388608.0,1.0,1.0
4.352525,5e-05,32768.0,1.0,1.0
4.35258,0.001389,8388608.0,1.0,1.0
4.353973,0.001602,8388608.0,1.0,1.0
4.355577,4.9e-05,32768.0,1.0,1.0
4.355628,0.001388,8388608.0,1.0,1.0
4.35702,0.001601,8388608.0,1.0,1.0
4.358625,4.9e-05,32768.0,1.0,1.0
4.358676,0.001389,8388608.0,1.0,1.0
4.360068,0.001601,8388608.0,1.0,1.0
4.361671,5e-05,32768.0,1.0,1.0
4.361725,0.001395,8388608.0,1.0,1.0
4.363122,0.001602,8388608.0,1.0,1.0
4.364727,5e-05,32768.0,1.0,1.0
4.364779,0.001392,8388608.0,1.0,1.0
4.366174,0.001602,8388608.0,1.0,1.0
4.367778,5e-05,32768.0,1.0,1.0
4.36783,0.001408,8388608.0,1.0,1.0
4.36924,0.001602,8388608.0,1.0,1.0
4.370845,4.9e-05,32768.0,1.0,1.0
4.370898,0.0014,8388608.0,1.0,1.0
4.3723,0.001601,8388608.0,1.0,1.0
4.373904,4.9e-05,32768.0,1.0,1.0
4.373956,0.001386,8388608.0,1.0,1.0
4.375344,0.001602,8388608.0,1.0,1.0
4.376948,5e-05,32768.0,1.0,1.0
4.377002,0.001403,8388608.0,1.0,1.0
4.378408,0.001602,8388608.0,1.0,1.0
4.380012,5e-05,32768.0,1.0,1.0
4.380064,0.001403,8388608.0,1.0,1.0
4.38147,0.001601,8388608.0,1.0,1.0
4.383073,4.8e-05,32768.0,1.0,1.0
4.383123,0.001386,8388608.0,1.0,1.0
4.384511,0.001601,8388608.0,1.0,1.0
4.386117,5.1e-05,32768.0,1.0,1.0
4.38617,0.001405,8388608.0,1.0,1.0
4.38758,0.001601,8388608.0,1.0,1.0
4.389185,4.9e-05,32768.0,1.0,1.0
4.389237,0.001382,8388608.0,1.0,1.0
4.390621,0.001602,8388608.0,1.0,1.0
4.392227,4.8e-05,32768.0,1.0,1.0
4.392278,0.001394,8388608.0,1.0,1.0
4.393674,0.001601,8388608.0,1.0,1.0
4.395279,4.7e-05,32768.0,1.0,1.0
4.395328,0.001409,8388608.0,1.0,1.0
4.39674,0.001602,8388608.0,1.0,1.0
4.398346,4.8e-05,32768.0,1.0,1.0
4.398396,0.001389,8388608.0,1.0,1.0
4.399788,0.001602,8388608.0,1.0,1.0
4.401392,4.8e-05,32768.0,1.0,1.0
4.401443,0.001381,8388608.0,1.0,1.0
4.402827,0.001601,8388608.0,1.0,1.0
4.404431,5.1e-05,32768.0,1.0,1.0
4.404486,0.001397,8388608.0,1.0,1.0
4.405885,0.001601,8388608.0,1.0,1.0
4.407488,5e-05,32768.0,1.0,1.0
4.40754,0.001394,8388608.0,1.0,1.0
4.408936,0.001601,8388608.0,1.0,1.0
4.41054,4.9e-05,32768.0,1.0,1.0
4.410592,0.001392,8388608.0,1.0,1.0
4.411987,0.001601,8388608.0,1.0,1.0
4.413591,4.9e-05,32768.0,1.0,1.0
4.413642,0.001388,8388608.0,1.0,1.0
4.415032,0.001602,8388608.0,1.0,1.0
4.416637,4.7e-05,32768.0,1.0,1.0
4.416686,0.001397,8388608.0,1.0,1.0
4.418086,0.001601,8388608.0,1.0,1.0
4.419692,4.9e-05,32768.0,1.0,1.0
4.419744,0.001386,8388608.0,1.0,1.0
4.421134,0.001602,8388608.0,1.0,1.0
4.422738,5e-05,32768.0,1.0,1.0
4.42279,0.001401,8388608.0,1.0,1.0
4.424193,0.001602,8388608.0,1.0,1.0
4.425797,4.9e-05,32768.0,1.0,1.0
4.425849,0.001385,8388608.0,1.0,1.0
4.427237,0.001601,8388608.0,1.0,1.0
4.428841,5.1e-05,32768.0,1.0,1.0
4.428895,0.001384,8388608.0,1.0,1.0
4.430281,0.001601,8388608.0,1.0,1.0
4.431884,5e-05,32768.0,1.0,1.0
4.431937,0.001382,8388608.0,1.0,1.0
4.433323,0.001602,8388608.0,1.0,1.0
4.434927,4.7e-05,32768.0,1.0,1.0
4.434977,0.001384,8388608.0,1.0,1.0
4.436364,0.001601,8388608.0,1.0,1.0
4.43797,4.9e-05,32768.0,1.0,1.0
4.438021,0.001384,8388608.0,1.0,1.0
4.439408,0.001601,8388608.0,1.0,1.0
4.441011,5e-05,32768.0,1.0,1.0
4.441064,0.001392,8388608.0,1.0,1.0
4.442457,0.001603,8388608.0,1.0,1.0
4.444062,4.8e-05,32768.0,1.0,1.0
4.444113,0.001408,8388608.0,1.0,1.0
4.445523,0.001602,8388608.0,1.0,1.0
4.44713,4.8e-05,32768.0,1.0,1.0
4.44718,0.001405,8388608.0,1.0,1.0
4.448589,0.001602,8388608.0,1.0,1.0
4.450196,5e-05,32768.0,1.0,1.0
4.450248,0.001384,8388608.0,1.0,1.0
4.451636,0.001602,8388608.0,1.0,1.0
4.45324,5.1e-05,32768.0,1.0,1.0
4.453295,0.001396,8388608.0,1.0,1.0
4.454693,0.001602,8388608.0,1.0,1.0
4.456298,4.9e-05,32768.0,1.0,1.0
4.456349,0.001386,8388608.0,1.0,1.0
4.457738,0.001602,8388608.0,1.0,1.0
4.459342,4.9e-05,32768.0,1.0,1.0
4.459393,0.001384,8388608.0,1.0,1.0
4.46078,0.001601,8388608.0,1.0,1.0
4.462384,4.9e-05,32768.0,1.0,1.0
4.462436,0.0014,8388608.0,1.0,1.0
4.463838,0.001602,8388608.0,1.0,1.0
4.465442,4.8e-05,32768.0,1.0,1.0
4.465492,0.001397,8388608.0,1.0,1.0
4.466892,0.001602,8388608.0,1.0,1.0
4.468497,5e-05,32768.0,1.0,1.0
4.46855,0.001387,8388608.0,1.0,1.0
4.469939,0.001602,8388608.0,1.0,1.0
4.471544,5.1e-05,32768.0,1.0,1.0
4.471598,0.001401,8388608.0,1.0,1.0
4.473002,0.001602,8388608.0,1.0,1.0
4.474606,4.8e-05,32768.0,1.0,1.0
4.474656,0.001385,8388608.0,1.0,1.0
4.476043,0.001601,8388608.0,1.0,1.0
4.477648,4.7e-05,32768.0,1.0,1.0
4.477699,0.001384,8388608.0,1.0,1.0
4.479087,0.001602,8388608.0,1.0,1.0
4.480691,5e-05,32768.0,1.0,1.0
4.480743,0.00139,8388608.0,1.0,1.0
4.482135,0.001602,8388608.0,1.0,1.0
4.483739,4.9e-05,32768.0,1.0,1.0
4.483791,0.001384,8388608.0,1.0,1.0
4.485178,0.001601,8388608.0,1.0,1.0
4.486782,5e-05,32768.0,1.0,1.0
4.486835,0.001389,8388608.0,1.0,1.0
4.488226,0.001601,8388608.0,1.0,1.0
4.48983,5e-05,32768.0,1.0,1.0
4.489883,0.001411,8388608.0,1.0,1.0
4.491296,0.001601,8388608.0,1.0,1.0
4.492902,5e-05,32768.0,1.0,1.0
4.492956,0.001397,8388608.0,1.0,1.0
4.494356,0.001602,8388608.0,1.0,1.0
4.49596,5e-05,32768.0,1.0,1.0
4.496012,0.001393,8388608.0,1.0,1.0
4.497408,0.001602,8388608.0,1.0,1.0
4.499012,4.9e-05,32768.0,1.0,1.0
4.499064,0.001394,8388608.0,1.0,1.0
4.500461,0.001602,8388608.0,1.0,1.0
4.502066,4.9e-05,32768.0,1.0,1.0
4.502117,0.001385,8388608.0,1.0,1.0
4.503505,0.001602,8388608.0,1.0,1.0
4.505111,4.8e-05,32768.0,1.0,1.0
4.505162,0.001385,8388608.0,1.0,1.0
4.506551,0.001602,8388608.0,1.0,1.0
4.508157,4.9e-05,32768.0,1.0,1.0
4.508208,0.001401,8388608.0,1.0,1.0
4.509613,0.001601,8388608.0,1.0,1.0
4.511219,4.8e-05,32768.0,1.0,1.0
4.511271,0.001383,8388608.0,1.0,1.0
4.512657,0.001602,8388608.0,1.0,1.0
4.514263,5e-05,32768.0,1.0,1.0
4.514317,0.001386,8388608.0,1.0,1.0
4.515707,0.001602,8388608.0,1.0,1.0
4.517311,5e-05,32768.0,1.0,1.0
4.517364,0.0014,8388608.0,1.0,1.0
4.518767,0.001602,8388608.0,1.0,1.0
4.520371,5e-05,32768.0,1.0,1.0
4.520423,0.001385,8388608.0,1.0,1.0
4.521811,0.001601,8388608.0,1.0,1.0
4.523416,5.1e-05,32768.0,1.0,1.0
4.523469,0.001403,8388608.0,1.0,1.0
4.524875,0.001602,8388608.0,1.0,1.0
4.526481,5e-05,32768.0,1.0,1.0
4.526533,0.001388,8388608.0,1.0,1.0
4.527924,0.001601,8388608.0,1.0,1.0
4.529529,5e-05,32768.0,1.0,1.0
4.529584,0.00139,8388608.0,1.0,1.0
4.530976,0.001602,8388608.0,1.0,1.0
4.532581,4.8e-05,32768.0,1.0,1.0
4.532632,0.001405,8388608.0,1.0,1.0
4.53404,0.001602,8388608.0,1.0,1.0
4.535644,5e-05,32768.0,1.0,1.0
4.535697,0.001385,8388608.0,1.0,1.0
4.537085,0.001601,8388608.0,1.0,1.0
4.538691,4.8e-05,32768.0,1.0,1.0
4.538742,0.001382,8388608.0,1.0,1.0
4.540126,0.001602,8388608.0,1.0,1.0
4.541731,4.9e-05,32768.0,1.0,1.0
4.541782,0.001385,8388608.0,1.0,1.0
4.543169,0.001601,8388608.0,1.0,1.0
4.544773,4.9e-05,32768.0,1.0,1.0
4.544824,0.001384,8388608.0,1.0,1.0
4.546211,0.001601,8388608.0,1.0,1.0
4.547814,4.7e-05,32768.0,1.0,1.0
4.547864,0.001388,8388608.0,1.0,1.0
4.549255,0.001602,8388608.0,1.0,1.0
4.55086,5e-05,32768.0,1.0,1.0
4.550913,0.001383,8388608.0,1.0,1.0
4.552298,0.001602,8388608.0,1.0,1.0
4.553903,4.9e-05,32768.0,1.0,1.0
4.553954,0.001396,8388608.0,1.0,1.0
4.555353,0.001602,8388608.0,1.0,1.0
4.556958,4.8e-05,32768.0,1.0,1.0
4.557009,0.001389,8388608.0,1.0,1.0
4.5584,0.001601,8388608.0,1.0,1.0
4.560006,4.9e-05,32768.0,1.0,1.0
4.560057,0.001383,8388608.0,1.0,1.0
4.561442,0.001602,8388608.0,1.0,1.0
4.563047,5e-05,32768.0,1.0,1.0
4.5631,0.001394,8388608.0,1.0,1.0
4.564497,0.001602,8388608.0,1.0,1.0
4.566102,4.9e-05,32768.0,1.0,1.0
4.566154,0.001409,8388608.0,1.0,1.0
4.567567,0.001602,8388608.0,1.0,1.0
4.569173,5e-05,32768.0,1.0,1.0
4.569227,0.001398,8388608.0,1.0,1.0
4.57063,0.001601,8388608.0,1.0,1.0
4.572233,4.8e-05,32768.0,1.0,1.0
4.572284,0.001384,8388608.0,1.0,1.0
4.573671,0.001601,8388608.0,1.0,1.0
4.575274,5e-05,32768.0,1.0,1.0
4.575327,0.001394,8388608.0,1.0,1.0
4.576725,0.001601,8388608.0,1.0,1.0
4.57833,5e-05,32768.0,1.0,1.0
4.578382,0.001385,8388608.0,1.0,1.0
4.593079,0.0016,8388608.0,1.0,1.0
4.594681,5.1e-05,32768.0,1.0,1.0
4.594735,0.001383,8388608.0,1.0,1.0
4.596121,0.001602,8388608.0,1.0,1.0
4.597726,5.1e-05,32768.0,1.0,1.0
4.59778,0.001396,8388608.0,1.0,1.0
4.59918,0.001601,8388608.0,1.0,1.0
4.600784,5e-05,32768.0,1.0,1.0
4.600836,0.001384,8388608.0,1.0,1.0
4.602224,0.001601,8388608.0,1.0,1.0
4.603828,4.8e-05,32768.0,1.0,1.0
4.603879,0.001384,8388608.0,1.0,1.0
4.605267,0.001601,8388608.0,1.0,1.0
4.606871,5e-05,32768.0,1.0,1.0
4.606923,0.001394,8388608.0,1.0,1.0
4.60832,0.001602,8388608.0,1.0,1.0
4.609925,5.4e-05,32768.0,1.0,1.0
4.609981,0.001401,8388608.0,1.0,1.0
4.611385,0.001602,8388608.0,1.0,1.0
4.612989,4.9e-05,32768.0,1.0,1.0
4.61304,0.001385,8388608.0,1.0,1.0
4.614428,0.001601,8388608.0,1.0,1.0
4.616033,4.9e-05,32768.0,1.0,1.0
4.616085,0.001396,8388608.0,1.0,1.0
4.617483,0.001602,8388608.0,1.0,1.0
4.619089,5e-05,32768.0,1.0,1.0
4.619142,0.001383,8388608.0,1.0,1.0
4.620527,0.001601,8388608.0,1.0,1.0
4.622131,5.1e-05,32768.0,1.0,1.0
4.622187,0.001388,8388608.0,1.0,1.0
4.623578,0.001601,8388608.0,1.0,1.0
4.625181,5.1e-05,32768.0,1.0,1.0
4.625235,0.001382,8388608.0,1.0,1.0
4.626619,0.001602,8388608.0,1.0,1.0
4.628225,4.9e-05,32768.0,1.0,1.0
4.628277,0.001401,8388608.0,1.0,1.0
4.62968,0.001601,8388608.0,1.0,1.0
4.631284,5e-05,32768.0,1.0,1.0
4.631338,0.001397,8388608.0,1.0,1.0
4.632737,0.001601,8388608.0,1.0,1.0
4.634341,5e-05,32768.0,1.0,1.0
4.634393,0.001405,8388608.0,1.0,1.0
4.635803,0.001601,8388608.0,1.0,1.0
4.637407,5e-05,32768.0,1.0,1.0
4.637459,0.001384,8388608.0,1.0,1.0
4.638846,0.001603,8388608.0,1.0,1.0
4.640451,5.1e-05,32768.0,1.0,1.0
4.640505,0.001392,8388608.0,1.0,1.0
4.6419,0.001602,8388608.0,1.0,1.0
4.643505,5e-05,32768.0,1.0,1.0
4.643557,0.001404,8388608.0,1.0,1.0
4.644964,0.001602,8388608.0,1.0,1.0
4.64657,5.1e-05,32768.0,1.0,1.0
4.646624,0.001398,8388608.0,1.0,1.0
4.648024,0.001602,8388608.0,1.0,1.0
4.64963,4.9e-05,32768.0,1.0,1.0
4.649682,0.001393,8388608.0,1.0,1.0
4.651077,0.001601,8388608.0,1.0,1.0
4.652681,5e-05,32768.0,1.0,1.0
4.652735,0.001391,8388608.0,1.0,1.0
4.654129,0.001601,8388608.0,1.0,1.0
4.655733,5e-05,32768.0,1.0,1.0
4.655785,0.001411,8388608.0,1.0,1.0
4.657199,0.001602,8388608.0,1.0,1.0
4.658803,4.8e-05,32768.0,1.0,1.0
4.658854,0.001395,8388608.0,1.0,1.0
4.660253,0.001601,8388608.0,1.0,1.0
4.661859,5.1e-05,32768.0,1.0,1.0
4.661912,0.001385,8388608.0,1.0,1.0
4.663301,0.001602,8388608.0,1.0,1.0
4.664906,5e-05,32768.0,1.0,1.0
4.664959,0.001383,8388608.0,1.0,1.0
4.666347,0.001601,8388608.0,1.0,1.0
4.667951,4.8e-05,32768.0,1.0,1.0
4.668002,0.001398,8388608.0,1.0,1.0
4.669404,0.001601,8388608.0,1.0,1.0
4.671009,4.8e-05,32768.0,1.0,1.0
4.671062,0.001388,8388608.0,1.0,1.0
4.672452,0.001601,8388608.0,1.0,1.0
4.674057,4.9e-05,32768.0,1.0,1.0
4.674108,0.001411,8388608.0,1.0,1.0
4.675521,0.001601,8388608.0,1.0,1.0
4.677125,4.8e-05,32768.0,1.0,1.0
4.677177,0.001395,8388608.0,1.0,1.0
4.678574,0.001602,8388608.0,1.0,1.0
4.680179,5e-05,32768.0,1.0,1.0
4.680231,0.00139,8388608.0,1.0,1.0
4.681624,0.001601,8388608.0,1.0,1.0
4.683228,5.1e-05,32768.0,1.0,1.0
4.683283,0.001384,8388608.0,1.0,1.0
4.684669,0.001601,8388608.0,1.0,1.0
4.686273,4.9e-05,32768.0,1.0,1.0
4.686325,0.001407,8388608.0,1.0,1.0
4.687735,0.001601,8388608.0,1.0,1.0
4.689339,5e-05,32768.0,1.0,1.0
4.689391,0.001395,8388608.0,1.0,1.0
4.69079,0.001601,8388608.0,1.0,1.0
4.692395,4.9e-05,32768.0,1.0,1.0
4.692447,0.001392,8388608.0,1.0,1.0
4.693843,0.001602,8388608.0,1.0,1.0
4.695448,5e-05,32768.0,1.0,1.0
4.695501,0.001391,8388608.0,1.0,1.0
4.696896,0.001601,8388608.0,1.0,1.0
4.698501,4.9e-05,32768.0,1.0,1.0
4.698555,0.00139,8388608.0,1.0,1.0
4.699947,0.001602,8388608.0,1.0,1.0
4.701552,4.9e-05,32768.0,1.0,1.0
4.701604,0.001388,8388608.0,1.0,1.0
4.702995,0.001602,8388608.0,1.0,1.0
4.7046,4.8e-05,32768.0,1.0,1.0
4.70465,0.001385,8388608.0,1.0,1.0
4.706039,0.001601,8388608.0,1.0,1.0
4.707644,5.1e-05,32768.0,1.0,1.0
4.707699,0.001391,8388608.0,1.0,1.0
4.709093,0.001602,8388608.0,1.0,1.0
4.710699,4.9e-05,32768.0,1.0,1.0
4.71075,0.001399,8388608.0,1.0,1.0
4.712154,0.001601,8388608.0,1.0,1.0
4.713759,5e-05,32768.0,1.0,1.0
4.713811,0.001385,8388608.0,1.0,1.0
4.715198,0.001602,8388608.0,1.0,1.0
4.716802,4.9e-05,32768.0,1.0,1.0
4.716855,0.001393,8388608.0,1.0,1.0
4.71825,0.001601,8388608.0,1.0,1.0
4.719855,5e-05,32768.0,1.0,1.0
4.719906,0.001403,8388608.0,1.0,1.0
4.721312,0.001602,8388608.0,1.0,1.0
4.722916,4.8e-05,32768.0,1.0,1.0
4.722967,0.001396,8388608.0,1.0,1.0
4.724365,0.001602,8388608.0,1.0,1.0
4.725972,4.9e-05,32768.0,1.0,1.0
4.726024,0.001389,8388608.0,1.0,1.0
4.727415,0.001602,8388608.0,1.0,1.0
4.729019,4.9e-05,32768.0,1.0,1.0
4.729073,0.001384,8388608.0,1.0,1.0
4.730459,0.001602,8388608.0,1.0,1.0
4.732064,5.1e-05,32768.0,1.0,1.0
4.732117,0.001385,8388608.0,1.0,1.0
4.733506,0.001602,8388608.0,1.0,1.0
4.73511,4.9e-05,32768.0,1.0,1.0
4.735162,0.001396,8388608.0,1.0,1.0
4.736563,0.001602,8388608.0,1.0,1.0
4.738167,4.8e-05,32768.0,1.0,1.0
4.738217,0.001382,8388608.0,1.0,1.0
4.739602,0.001601,8388608.0,1.0,1.0
4.741206,5e-05,32768.0,1.0,1.0
4.74126,0.001383,8388608.0,1.0,1.0
4.742645,0.001601,8388608.0,1.0,1.0
4.744249,4.9e-05,32768.0,1.0,1.0
4.744302,0.001389,8388608.0,1.0,1.0
4.745693,0.001601,8388608.0,1.0,1.0
4.747297,5.1e-05,32768.0,1.0,1.0
4.747351,0.001384,8388608.0,1.0,1.0
4.748738,0.001602,8388608.0,1.0,1.0
4.750343,5e-05,32768.0,1.0,1.0
4.750395,0.001392,8388608.0,1.0,1.0
4.75179,0.001601,8388608.0,1.0,1.0
4.753393,4.8e-05,32768.0,1.0,1.0
4.753444,0.001397,8388608.0,1.0,1.0
4.754845,0.001601,8388608.0,1.0,1.0
4.756448,5.1e-05,32768.0,1.0,1.0
4.756501,0.001383,8388608.0,1.0,1.0
4.757887,0.001601,8388608.0,1.0,1.0
4.759491,5e-05,32768.0,1.0,1.0
4.759543,0.001413,8388608.0,1.0,1.0
4.760958,0.001602,8388608.0,1.0,1.0
4.762564,4.8e-05,32768.0,1.0,1.0
4.762615,0.001396,8388608.0,1.0,1.0
4.764013,0.001602,8388608.0,1.0,1.0
4.765617,4.8e-05,32768.0,1.0,1.0
4.765668,0.001386,8388608.0,1.0,1.0
4.767057,0.001602,8388608.0,1.0,1.0
4.768662,4.9e-05,32768.0,1.0,1.0
4.768715,0.001396,8388608.0,1.0,1.0
4.770114,0.001601,8388608.0,1.0,1.0
4.771717,4.9e-05,32768.0,1.0,1.0
4.77177,0.001409,8388608.0,1.0,1.0
4.773184,0.001601,8388608.0,1.0,1.0
4.774787,5e-05,32768.0,1.0,1.0
4.774841,0.001384,8388608.0,1.0,1.0
4.776228,0.001601,8388608.0,1.0,1.0
4.777833,5.1e-05,32768.0,1.0,1.0
4.777886,0.001388,8388608.0,1.0,1.0
4.779277,0.001601,8388608.0,1.0,1.0
4.780881,5.1e-05,32768.0,1.0,1.0
4.780935,0.00141,8388608.0,1.0,1.0
4.782347,0.001601,8388608.0,1.0,1.0
4.783951,5.1e-05,32768.0,1.0,1.0
4.784004,0.001408,8388608.0,1.0,1.0
4.785415,0.0016,8388608.0,1.0,1.0
4.787018,5.1e-05,32768.0,1.0,1.0
4.787073,0.001387,8388608.0,1.0,1.0
4.788464,0.001602,8388608.0,1.0,1.0
4.790068,4.9e-05,32768.0,1.0,1.0
4.79012,0.001384,8388608.0,1.0,1.0
4.791506,0.001602,8388608.0,1.0,1.0
4.793111,5e-05,32768.0,1.0,1.0
4.793163,0.001399,8388608.0,1.0,1.0
4.794565,0.001602,8388608.0,1.0,1.0
4.79617,4.8e-05,32768.0,1.0,1.0
4.79622,0.001385,8388608.0,1.0,1.0
4.797608,0.001602,8388608.0,1.0,1.0
4.799214,5e-05,32768.0,1.0,1.0
4.799266,0.001385,8388608.0,1.0,1.0
4.800656,0.001602,8388608.0,1.0,1.0
4.80226,5e-05,32768.0,1.0,1.0
4.802312,0.001383,8388608.0,1.0,1.0
4.803698,0.001602,8388608.0,1.0,1.0
4.805302,4.8e-05,32768.0,1.0,1.0
4.805352,0.001387,8388608.0,1.0,1.0
4.806743,0.001602,8388608.0,1.0,1.0
4.808346,4.9e-05,32768.0,1.0,1.0
4.808398,0.001401,8388608.0,1.0,1.0
4.809802,0.001602,8388608.0,1.0,1.0
4.811406,4.9e-05,32768.0,1.0,1.0
4.811458,0.001402,8388608.0,1.0,1.0
4.812863,0.001603,8388608.0,1.0,1.0
4.814469,5e-05,32768.0,1.0,1.0
4.814523,0.001383,8388608.0,1.0,1.0
4.815909,0.001602,8388608.0,1.0,1.0
4.817513,4.9e-05,32768.0,1.0,1.0
4.817566,0.001388,8388608.0,1.0,1.0
4.818957,0.001603,8388608.0,1.0,1.0
4.820563,5.1e-05,32768.0,1.0,1.0
4.820617,0.001388,8388608.0,1.0,1.0
4.822007,0.001602,8388608.0,1.0,1.0
4.823612,5e-05,32768.0,1.0,1.0
4.823666,0.001384,8388608.0,1.0,1.0
4.825052,0.001602,8388608.0,1.0,1.0
4.826657,5.1e-05,32768.0,1.0,1.0
4.82671,0.001401,8388608.0,1.0,1.0
4.828114,0.001602,8388608.0,1.0,1.0
4.829718,5e-05,32768.0,1.0,1.0
4.829771,0.001397,8388608.0,1.0,1.0
4.831171,0.001603,8388608.0,1.0,1.0
4.832778,4.9e-05,32768.0,1.0,1.0
4.832829,0.001385,8388608.0,1.0,1.0
4.834216,0.001602,8388608.0,1.0,1.0
4.83582,5e-05,32768.0,1.0,1.0
4.835873,0.001406,8388608.0,1.0,1.0
4.83728,0.001602,8388608.0,1.0,1.0
4.838885,4.9e-05,32768.0,1.0,1.0
4.838938,0.001391,8388608.0,1.0,1.0
4.840332,0.001603,8388608.0,1.0,1.0
4.841938,4.9e-05,32768.0,1.0,1.0
4.84199,0.001395,8388608.0,1.0,1.0
4.843387,0.001602,8388608.0,1.0,1.0
4.844991,4.9e-05,32768.0,1.0,1.0
4.845043,0.001399,8388608.0,1.0,1.0
4.846444,0.001601,8388608.0,1.0,1.0
4.848048,5.1e-05,32768.0,1.0,1.0
4.848103,0.001405,8388608.0,1.0,1.0
4.84951,0.001602,8388608.0,1.0,1.0
4.851114,5e-05,32768.0,1.0,1.0
4.851167,0.001383,8388608.0,1.0,1.0
4.852554,0.001601,8388608.0,1.0,1.0
4.854157,4.9e-05,32768.0,1.0,1.0
4.854211,0.001394,8388608.0,1.0,1.0
4.855608,0.001601,8388608.0,1.0,1.0
4.857211,5e-05,32768.0,1.0,1.0
4.857263,0.001419,8388608.0,1.0,1.0
4.858684,0.001602,8388608.0,1.0,1.0
4.860289,4.8e-05,32768.0,1.0,1.0
4.860339,0.001403,8388608.0,1.0,1.0
4.861745,0.001602,8388608.0,1.0,1.0
4.86335,4.9e-05,32768.0,1.0,1.0
4.863402,0.001414,8388608.0,1.0,1.0
4.864819,0.001602,8388608.0,1.0,1.0
4.866424,5e-05,32768.0,1.0,1.0
4.866476,0.001385,8388608.0,1.0,1.0
4.867863,0.001603,8388608.0,1.0,1.0
4.869469,4.9e-05,32768.0,1.0,1.0
4.869522,0.001404,8388608.0,1.0,1.0
4.870928,0.001602,8388608.0,1.0,1.0
4.872533,5.1e-05,32768.0,1.0,1.0
4.872586,0.001386,8388608.0,1.0,1.0
4.873975,0.001602,8388608.0,1.0,1.0
4.87558,5.2e-05,32768.0,1.0,1.0
4.875635,0.001386,8388608.0,1.0,1.0
4.877025,0.001601,8388608.0,1.0,1.0
4.878629,4.9e-05,32768.0,1.0,1.0
4.878682,0.001405,8388608.0,1.0,1.0
4.88009,0.001602,8388608.0,1.0,1.0
4.881695,4.8e-05,32768.0,1.0,1.0
4.881745,0.001395,8388608.0,1.0,1.0
4.883145,0.001601,8388608.0,1.0,1.0
4.884748,4.9e-05,32768.0,1.0,1.0
4.8848,0.001383,8388608.0,1.0,1.0
4.886186,0.001601,8388608.0,1.0,1.0
4.887791,4.9e-05,32768.0,1.0,1.0
4.887843,0.001398,8388608.0,1.0,1.0
4.889244,0.001602,8388608.0,1.0,1.0
4.890848,4.9e-05,32768.0,1.0,1.0
4.8909,0.001382,8388608.0,1.0,1.0
4.892285,0.001602,8388608.0,1.0,1.0
4.89389,5e-05,32768.0,1.0,1.0
4.893944,0.001402,8388608.0,1.0,1.0
4.89535,0.001602,8388608.0,1.0,1.0
4.896955,5.1e-05,32768.0,1.0,1.0
4.897009,0.001385,8388608.0,1.0,1.0
