time,power,memory Used,u_gpu,u_memory
0.0,24.42,22.0,0.0,0.0
0.0796058972676595,24.42,48.0,0.0,0.0
0.159211794535319,35.0,335.0,4.0,0.0
0.318423589070638,24.42,22.0,0.0,0.0
0.3980294863382975,24.42,48.0,0.0,0.0
0.477635383605957,35.0,335.0,4.0,0.0
0.5572412808736165,24.42,22.0,0.0,0.0
0.636847178141276,24.42,48.0,0.0,0.0
0.7164530754089355,35.0,335.0,4.0,0.0
0.7960589726765951,24.42,22.0,0.0,0.0
0.8756648699442546,24.42,48.0,0.0,0.0
0.9552707672119142,35.0,335.0,4.0,0.0
1.0348766644795737,24.42,22.0,0.0,0.0
1.1144825617472331,24.42,48.0,0.0,0.0
1.1940884590148926,35.0,335.0,4.0,0.0
1.273694356282552,24.42,22.0,0.0,0.0
1.3533002535502114,24.42,48.0,0.0,0.0
1.4329061508178709,35.0,335.0,4.0,0.0
1.5125120480855303,24.42,22.0,0.0,0.0
1.5921179453531897,24.42,48.0,0.0,0.0
1.6717238426208492,35.0,335.0,4.0,0.0
1.7513297398885086,24.42,22.0,0.0,0.0
1.830935637156168,24.42,48.0,0.0,0.0
1.9105415344238275,35.0,335.0,4.0,0.0
1.990147431691487,24.42,22.0,0.0,0.0
2.0697533289591465,24.42,48.0,0.0,0.0
2.149359226226806,35.0,335.0,4.0,0.0
2.228965123494466,24.42,22.0,0.0,0.0
2.3085710207621255,24.42,48.0,0.0,0.0
2.388176918029785,35.0,335.0,4.0,0.0
2.467782815297445,24.42,22.0,0.0,0.0
2.5473887125651045,24.42,48.0,0.0,0.0
2.626994609832764,35.0,335.0,4.0,0.0
2.7066005071004238,24.42,22.0,0.0,0.0
2.7862064043680834,24.42,48.0,0.0,0.0
2.865812301635743,35.0,335.0,4.0,0.0
2.9454181989034027,24.42,22.0,0.0,0.0
3.0250240961710624,24.42,48.0,0.0,0.0
3.104629993438722,35.0,335.0,4.0,0.0
3.1842358907063817,24.42,22.0,0.0,0.0
3.2638417879740413,24.42,48.0,0.0,0.0
3.343447685241701,35.0,335.0,4.0,0.0
3.4230535825093606,24.42,22.0,0.0,0.0
3.5026594797770203,24.42,48.0,0.0,0.0
3.58226537704468,35.0,335.0,4.0,0.0
3.6618712743123396,24.42,22.0,0.0,0.0
3.7414771715799993,24.42,48.0,0.0,0.0
3.821083068847659,35.0,335.0,4.0,0.0
3.9006889661153186,24.42,22.0,0.0,0.0
3.980294863382978,24.42,48.0,0.0,0.0
4.059900760650637,35.0,335.0,4.0,0.0
4.139506657918297,24.42,22.0,0.0,0.0
4.219112555185956,24.42,48.0,0.0,0.0
4.298718452453615,35.0,335.0,4.0,0.0
4.378324349721274,24.42,22.0,0.0,0.0
4.4579302469889335,24.42,48.0,0.0,0.0
4.537536144256593,35.0,335.0,4.0,0.0
4.617142041524252,24.42,22.0,0.0,0.0
4.696747938791911,24.42,48.0,0.0,0.0
4.77635383605957,35.0,335.0,4.0,0.0
4.8559597333272295,24.42,22.0,0.0,0.0
4.935565630594889,24.42,48.0,0.0,0.0
5.015171527862548,35.0,335.0,4.0,0.0
5.094777425130207,24.42,22.0,0.0,0.0
5.174383322397866,24.42,48.0,0.0,0.0
5.253989219665526,35.0,335.0,4.0,0.0
5.333595116933185,24.42,22.0,0.0,0.0
5.413201014200844,24.42,48.0,0.0,0.0
5.492806911468503,35.0,335.0,4.0,0.0
5.572412808736162,24.42,22.0,0.0,0.0
5.652018706003822,24.42,48.0,0.0,0.0
5.731624603271481,35.0,335.0,4.0,0.0
5.81123050053914,24.42,22.0,0.0,0.0
5.890836397806799,24.42,48.0,0.0,0.0
5.9704422950744584,35.0,335.0,4.0,0.0
6.050048192342118,24.42,22.0,0.0,0.0
6.129654089609777,24.42,48.0,0.0,0.0
6.209259986877436,35.0,335.0,4.0,0.0
6.288865884145095,24.42,22.0,0.0,0.0
6.3684717814127545,24.42,48.0,0.0,0.0
6.448077678680414,35.0,335.0,4.0,0.0
6.527683575948073,24.42,22.0,0.0,0.0
6.607289473215732,24.42,48.0,0.0,0.0
6.686895370483391,35.0,335.0,4.0,0.0
6.7665012677510505,24.42,22.0,0.0,0.0
6.84610716501871,24.42,48.0,0.0,0.0
6.925713062286369,35.0,335.0,4.0,0.0
7.005318959554028,24.42,22.0,0.0,0.0
7.084924856821687,24.42,48.0,0.0,0.0
7.164530754089347,35.0,335.0,4.0,0.0
7.244136651357006,24.42,22.0,0.0,0.0
7.323742548624665,24.42,48.0,0.0,0.0
7.403348445892324,35.0,335.0,4.0,0.0
7.482954343159983,24.42,22.0,0.0,0.0
7.562560240427643,24.42,48.0,0.0,0.0
7.642166137695302,35.0,335.0,4.0,0.0
7.721772034962961,24.42,22.0,0.0,0.0
7.80137793223062,24.42,48.0,0.0,0.0
7.8809838294982795,35.0,335.0,4.0,0.0
7.960589726765939,24.42,22.0,0.0,0.0
8.040195624033599,24.42,48.0,0.0,0.0
8.119801521301259,35.0,335.0,4.0,0.0
8.199407418568919,24.42,22.0,0.0,0.0
8.279013315836579,24.42,48.0,0.0,0.0
8.35861921310424,35.0,335.0,4.0,0.0
8.4382251103719,24.42,22.0,0.0,0.0
8.51783100763956,24.42,48.0,0.0,0.0
8.59743690490722,35.0,335.0,4.0,0.0
8.67704280217488,24.42,22.0,0.0,0.0
8.75664869944254,24.42,48.0,0.0,0.0
8.8362545967102,35.0,335.0,4.0,0.0
8.91586049397786,24.42,22.0,0.0,0.0
8.99546639124552,24.42,48.0,0.0,0.0
9.07507228851318,35.0,335.0,4.0,0.0
9.15467818578084,24.42,22.0,0.0,0.0
9.2342840830485,24.42,48.0,0.0,0.0
9.31388998031616,35.0,335.0,4.0,0.0
9.39349587758382,24.42,22.0,0.0,0.0
9.47310177485148,24.42,48.0,0.0,0.0
9.55270767211914,35.0,335.0,4.0,0.0
9.6323135693868,24.42,22.0,0.0,0.0
9.71191946665446,24.42,48.0,0.0,0.0
9.791525363922121,35.0,335.0,4.0,0.0
9.871131261189781,24.42,22.0,0.0,0.0
9.950737158457441,24.42,48.0,0.0,0.0
10.030343055725101,35.0,335.0,4.0,0.0
10.109948952992761,24.42,22.0,0.0,0.0
10.189554850260421,24.42,48.0,0.0,0.0
10.269160747528082,35.0,335.0,4.0,0.0
10.348766644795742,24.42,22.0,0.0,0.0
10.428372542063402,24.42,48.0,0.0,0.0
10.507978439331062,35.0,335.0,4.0,0.0
10.587584336598722,24.42,22.0,0.0,0.0
10.667190233866382,24.42,48.0,0.0,0.0
10.746796131134042,35.0,335.0,4.0,0.0
10.826402028401702,24.42,22.0,0.0,0.0
10.906007925669362,24.42,48.0,0.0,0.0
10.985613822937022,35.0,335.0,4.0,0.0
11.065219720204682,24.42,22.0,0.0,0.0
11.144825617472343,24.42,48.0,0.0,0.0
11.224431514740003,35.0,335.0,4.0,0.0
11.304037412007663,24.42,22.0,0.0,0.0
11.383643309275323,24.42,48.0,0.0,0.0
11.463249206542983,35.0,335.0,4.0,0.0
11.542855103810643,24.42,22.0,0.0,0.0
11.622461001078303,24.42,48.0,0.0,0.0
11.702066898345963,35.0,335.0,4.0,0.0
11.781672795613623,24.42,22.0,0.0,0.0
11.861278692881283,24.42,48.0,0.0,0.0
11.940884590148944,35.0,335.0,4.0,0.0
12.020490487416604,24.42,22.0,0.0,0.0
12.100096384684264,24.42,48.0,0.0,0.0
12.179702281951924,35.0,335.0,4.0,0.0
12.259308179219584,24.42,22.0,0.0,0.0
12.338914076487244,24.42,48.0,0.0,0.0
12.418519973754904,35.0,335.0,4.0,0.0
12.498125871022564,24.42,22.0,0.0,0.0
12.577731768290224,24.42,48.0,0.0,0.0
12.657337665557884,35.0,335.0,4.0,0.0
12.736943562825545,24.42,22.0,0.0,0.0
12.816549460093205,24.42,48.0,0.0,0.0
12.896155357360865,35.0,335.0,4.0,0.0
12.975761254628525,24.42,22.0,0.0,0.0
13.055367151896185,24.42,48.0,0.0,0.0
13.134973049163845,35.0,335.0,4.0,0.0
13.214578946431505,24.42,22.0,0.0,0.0
13.294184843699165,24.42,48.0,0.0,0.0
13.373790740966825,35.0,335.0,4.0,0.0
13.453396638234485,24.42,22.0,0.0,0.0
13.533002535502145,24.42,48.0,0.0,0.0
13.612608432769806,35.0,335.0,4.0,0.0
13.692214330037466,24.42,22.0,0.0,0.0
13.771820227305126,24.42,48.0,0.0,0.0
13.851426124572786,35.0,335.0,4.0,0.0
13.931032021840446,24.42,22.0,0.0,0.0
14.010637919108106,24.42,48.0,0.0,0.0
14.090243816375766,35.0,335.0,4.0,0.0
14.169849713643426,24.42,22.0,0.0,0.0
14.249455610911086,24.42,48.0,0.0,0.0
14.329061508178746,35.0,335.0,4.0,0.0
14.408667405446407,24.42,22.0,0.0,0.0
14.488273302714067,24.42,48.0,0.0,0.0
14.567879199981727,35.0,335.0,4.0,0.0
14.647485097249387,24.42,22.0,0.0,0.0
14.727090994517047,24.42,48.0,0.0,0.0
14.806696891784707,35.0,335.0,4.0,0.0
14.886302789052367,24.42,22.0,0.0,0.0
14.965908686320027,24.42,48.0,0.0,0.0
15.045514583587687,35.0,335.0,4.0,0.0
15.125120480855347,24.42,22.0,0.0,0.0
15.204726378123008,24.42,48.0,0.0,0.0
15.284332275390668,35.0,335.0,4.0,0.0
15.363938172658328,24.42,22.0,0.0,0.0
15.443544069925988,24.42,48.0,0.0,0.0
15.523149967193648,35.0,335.0,4.0,0.0
15.602755864461308,24.42,22.0,0.0,0.0
15.682361761728968,24.42,48.0,0.0,0.0
15.761967658996628,35.0,335.0,4.0,0.0
15.841573556264288,24.42,22.0,0.0,0.0
15.921179453531948,24.42,48.0,0.0,0.0
16.000785350799607,35.0,335.0,4.0,0.0
16.080391248067265,24.42,22.0,0.0,0.0
16.159997145334923,24.42,48.0,0.0,0.0
16.23960304260258,35.0,335.0,4.0,0.0
16.31920893987024,24.42,22.0,0.0,0.0
16.3988148371379,24.42,48.0,0.0,0.0
16.478420734405557,35.0,335.0,4.0,0.0
16.558026631673215,24.42,22.0,0.0,0.0
16.637632528940873,24.42,48.0,0.0,0.0
16.71723842620853,35.0,335.0,4.0,0.0
16.79684432347619,24.42,22.0,0.0,0.0
16.87645022074385,24.42,48.0,0.0,0.0
16.956056118011507,35.0,335.0,4.0,0.0
17.035662015279165,24.42,22.0,0.0,0.0
17.115267912546823,24.42,48.0,0.0,0.0
17.19487380981448,35.0,335.0,4.0,0.0
17.27447970708214,24.42,22.0,0.0,0.0
17.354085604349798,24.42,48.0,0.0,0.0
17.433691501617457,35.0,335.0,4.0,0.0
17.513297398885115,24.42,22.0,0.0,0.0
17.592903296152773,24.42,48.0,0.0,0.0
17.67250919342043,35.0,335.0,4.0,0.0
17.75211509068809,24.42,22.0,0.0,0.0
17.831720987955748,24.42,48.0,0.0,0.0
17.911326885223406,35.0,335.0,4.0,0.0
17.990932782491065,24.42,22.0,0.0,0.0
18.070538679758723,24.42,48.0,0.0,0.0
18.15014457702638,35.0,335.0,4.0,0.0
18.22975047429404,24.42,22.0,0.0,0.0
18.309356371561698,24.42,48.0,0.0,0.0
18.388962268829356,35.0,335.0,4.0,0.0
18.468568166097015,24.42,22.0,0.0,0.0
18.548174063364673,24.42,48.0,0.0,0.0
18.62777996063233,35.0,335.0,4.0,0.0
18.70738585789999,24.42,22.0,0.0,0.0
18.786991755167648,24.42,48.0,0.0,0.0
18.866597652435306,35.0,335.0,4.0,0.0
18.946203549702965,24.42,22.0,0.0,0.0
19.025809446970623,24.42,48.0,0.0,0.0
19.10541534423828,35.0,335.0,4.0,0.0
19.18502124150594,24.42,22.0,0.0,0.0
19.264627138773598,24.42,48.0,0.0,0.0
19.344233036041256,35.0,335.0,4.0,0.0
19.423838933308915,24.42,22.0,0.0,0.0
19.503444830576573,24.42,48.0,0.0,0.0
19.58305072784423,35.0,335.0,4.0,0.0
19.66265662511189,24.42,22.0,0.0,0.0
19.742262522379548,24.42,48.0,0.0,0.0
19.821868419647206,35.0,335.0,4.0,0.0
19.901474316914864,24.42,22.0,0.0,0.0
19.981080214182523,24.42,48.0,0.0,0.0
20.06068611145018,35.0,335.0,4.0,0.0
20.14029200871784,24.42,22.0,0.0,0.0
20.219897905985498,24.42,48.0,0.0,0.0
20.299503803253156,35.0,335.0,4.0,0.0
20.379109700520814,24.42,22.0,0.0,0.0
20.458715597788473,24.42,48.0,0.0,0.0
20.53832149505613,35.0,335.0,4.0,0.0
20.61792739232379,24.42,22.0,0.0,0.0
20.697533289591448,24.42,48.0,0.0,0.0
20.777139186859106,35.0,335.0,4.0,0.0
20.856745084126764,24.42,22.0,0.0,0.0
20.936350981394423,24.42,48.0,0.0,0.0
21.01595687866208,35.0,335.0,4.0,0.0
21.09556277592974,24.42,22.0,0.0,0.0
21.175168673197398,24.42,48.0,0.0,0.0
21.254774570465056,35.0,335.0,4.0,0.0
21.334380467732714,24.42,22.0,0.0,0.0
21.413986365000373,24.42,48.0,0.0,0.0
21.49359226226803,35.0,335.0,4.0,0.0
21.57319815953569,24.42,22.0,0.0,0.0
21.652804056803348,24.42,48.0,0.0,0.0
21.732409954071006,35.0,335.0,4.0,0.0
21.812015851338664,24.42,22.0,0.0,0.0
21.891621748606322,24.42,48.0,0.0,0.0
21.97122764587398,35.0,335.0,4.0,0.0
22.05083354314164,24.42,22.0,0.0,0.0
22.130439440409297,24.42,48.0,0.0,0.0
22.210045337676956,35.0,335.0,4.0,0.0
22.289651234944614,24.42,22.0,0.0,0.0
22.369257132212272,24.42,48.0,0.0,0.0
22.44886302947993,35.0,335.0,4.0,0.0
22.52846892674759,24.42,22.0,0.0,0.0
22.608074824015247,24.42,48.0,0.0,0.0
22.687680721282906,35.0,335.0,4.0,0.0
22.767286618550564,24.42,22.0,0.0,0.0
22.846892515818222,24.42,48.0,0.0,0.0
22.92649841308588,35.0,335.0,4.0,0.0
23.00610431035354,24.42,22.0,0.0,0.0
23.085710207621197,24.42,48.0,0.0,0.0
23.165316104888856,35.0,335.0,4.0,0.0
23.244922002156514,24.42,22.0,0.0,0.0
23.324527899424172,24.42,48.0,0.0,0.0
23.40413379669183,35.0,335.0,4.0,0.0
23.48373969395949,24.42,22.0,0.0,0.0
23.563345591227147,24.42,48.0,0.0,0.0
23.642951488494806,35.0,335.0,4.0,0.0
23.722557385762464,24.42,22.0,0.0,0.0
23.802163283030122,24.42,48.0,0.0,0.0
23.88176918029778,35.0,335.0,4.0,0.0
23.96137507756544,24.42,22.0,0.0,0.0
24.040980974833097,24.42,48.0,0.0,0.0
24.120586872100755,35.0,335.0,4.0,0.0
24.200192769368414,24.42,22.0,0.0,0.0
24.279798666636072,24.42,48.0,0.0,0.0
24.35940456390373,35.0,335.0,4.0,0.0
24.43901046117139,24.42,22.0,0.0,0.0
24.518616358439047,24.42,48.0,0.0,0.0
24.598222255706705,35.0,335.0,4.0,0.0
24.677828152974364,24.42,22.0,0.0,0.0
24.757434050242022,24.42,48.0,0.0,0.0
24.83703994750968,35.0,335.0,4.0,0.0
24.91664584477734,24.42,22.0,0.0,0.0
24.996251742044997,24.42,48.0,0.0,0.0
25.075857639312655,35.0,335.0,4.0,0.0
25.155463536580314,24.42,22.0,0.0,0.0
25.235069433847972,24.42,48.0,0.0,0.0
25.31467533111563,35.0,335.0,4.0,0.0
25.39428122838329,24.42,22.0,0.0,0.0
25.473887125650947,24.42,48.0,0.0,0.0
25.553493022918605,35.0,335.0,4.0,0.0
25.633098920186264,24.42,22.0,0.0,0.0
25.712704817453922,24.42,48.0,0.0,0.0
25.79231071472158,35.0,335.0,4.0,0.0
25.87191661198924,24.42,22.0,0.0,0.0
25.951522509256897,24.42,48.0,0.0,0.0
26.031128406524555,35.0,335.0,4.0,0.0
26.110734303792213,24.42,22.0,0.0,0.0
26.190340201059872,24.42,48.0,0.0,0.0
26.26994609832753,35.0,335.0,4.0,0.0
26.34955199559519,24.42,22.0,0.0,0.0
26.429157892862847,24.42,48.0,0.0,0.0
26.508763790130505,35.0,335.0,4.0,0.0
26.588369687398163,24.42,22.0,0.0,0.0
26.66797558466582,24.42,48.0,0.0,0.0
26.74758148193348,35.0,335.0,4.0,0.0
26.82718737920114,24.42,22.0,0.0,0.0
26.906793276468797,24.42,48.0,0.0,0.0
26.986399173736455,35.0,335.0,4.0,0.0
27.066005071004113,24.42,22.0,0.0,0.0
27.14561096827177,24.42,48.0,0.0,0.0
27.22521686553943,35.0,335.0,4.0,0.0
27.30482276280709,24.42,22.0,0.0,0.0
27.384428660074747,24.42,48.0,0.0,0.0
27.464034557342405,35.0,335.0,4.0,0.0
27.543640454610063,24.42,22.0,0.0,0.0
27.62324635187772,24.42,48.0,0.0,0.0
27.70285224914538,35.0,335.0,4.0,0.0
27.78245814641304,24.42,22.0,0.0,0.0
27.862064043680697,24.42,48.0,0.0,0.0
27.941669940948355,35.0,335.0,4.0,0.0
28.021275838216013,24.42,22.0,0.0,0.0
28.10088173548367,24.42,48.0,0.0,0.0
28.18048763275133,35.0,335.0,4.0,0.0
28.260093530018988,24.42,22.0,0.0,0.0
28.339699427286646,24.42,48.0,0.0,0.0
28.419305324554305,35.0,335.0,4.0,0.0
28.498911221821963,24.42,22.0,0.0,0.0
28.57851711908962,24.42,48.0,0.0,0.0
28.65812301635728,35.0,335.0,4.0,0.0
28.737728913624938,24.42,22.0,0.0,0.0
28.817334810892596,24.42,48.0,0.0,0.0
28.896940708160255,35.0,335.0,4.0,0.0
28.976546605427913,24.42,22.0,0.0,0.0
29.05615250269557,24.42,48.0,0.0,0.0
29.13575839996323,35.0,335.0,4.0,0.0
29.215364297230888,24.42,22.0,0.0,0.0
29.294970194498546,24.42,48.0,0.0,0.0
29.374576091766205,35.0,335.0,4.0,0.0
29.454181989033863,24.42,22.0,0.0,0.0
29.53378788630152,24.42,48.0,0.0,0.0
29.61339378356918,35.0,335.0,4.0,0.0
29.692999680836838,24.42,22.0,0.0,0.0
29.772605578104496,24.42,48.0,0.0,0.0
29.852211475372155,35.0,335.0,4.0,0.0
29.931817372639813,24.42,22.0,0.0,0.0
30.01142326990747,24.42,48.0,0.0,0.0
30.09102916717513,35.0,335.0,4.0,0.0
30.170635064442788,24.42,22.0,0.0,0.0
30.250240961710446,24.42,48.0,0.0,0.0
30.329846858978105,35.0,335.0,4.0,0.0
30.409452756245763,24.42,22.0,0.0,0.0
30.48905865351342,24.42,48.0,0.0,0.0
30.56866455078108,35.0,335.0,4.0,0.0
30.648270448048738,24.42,22.0,0.0,0.0
30.727876345316396,24.42,48.0,0.0,0.0
30.807482242584054,35.0,335.0,4.0,0.0
30.887088139851713,24.42,22.0,0.0,0.0
30.96669403711937,24.42,48.0,0.0,0.0
31.04629993438703,35.0,335.0,4.0,0.0
31.125905831654688,24.42,22.0,0.0,0.0
31.205511728922346,24.42,48.0,0.0,0.0
31.285117626190004,35.0,335.0,4.0,0.0
31.364723523457663,24.42,22.0,0.0,0.0
31.44432942072532,24.42,48.0,0.0,0.0
31.52393531799298,35.0,335.0,4.0,0.0
31.603541215260638,24.42,22.0,0.0,0.0
31.683147112528296,24.42,48.0,0.0,0.0
31.762753009795954,35.0,335.0,4.0,0.0
31.842358907063613,24.42,22.0,0.0,0.0
31.92196480433127,24.42,48.0,0.0,0.0
32.00157070159893,35.0,335.0,4.0,0.0
32.08117659886659,24.42,22.0,0.0,0.0
32.16078249613425,24.42,48.0,0.0,0.0
32.240388393401915,35.0,335.0,4.0,0.0
32.31999429066958,24.42,22.0,0.0,0.0
32.39960018793724,24.42,48.0,0.0,0.0
32.4792060852049,35.0,335.0,4.0,0.0
32.55881198247256,24.42,22.0,0.0,0.0
32.638417879740224,24.42,48.0,0.0,0.0
32.718023777007886,35.0,335.0,4.0,0.0
32.79762967427555,24.42,22.0,0.0,0.0
32.87723557154321,24.42,48.0,0.0,0.0
32.95684146881087,35.0,335.0,4.0,0.0
33.036447366078534,24.42,22.0,0.0,0.0
33.116053263346195,24.42,48.0,0.0,0.0
33.19565916061386,35.0,335.0,4.0,0.0
33.27526505788152,24.42,22.0,0.0,0.0
33.35487095514918,24.42,48.0,0.0,0.0
33.43447685241684,35.0,335.0,4.0,0.0
33.514082749684505,24.42,22.0,0.0,0.0
33.59368864695217,24.42,48.0,0.0,0.0
33.67329454421983,35.0,335.0,4.0,0.0
33.75290044148749,24.42,22.0,0.0,0.0
33.83250633875515,24.42,48.0,0.0,0.0
33.912112236022814,35.0,335.0,4.0,0.0
33.991718133290476,24.42,22.0,0.0,0.0
34.07132403055814,24.42,48.0,0.0,0.0
34.1509299278258,35.0,335.0,4.0,0.0
34.23053582509346,24.42,22.0,0.0,0.0
34.310141722361124,24.42,48.0,0.0,0.0
34.389747619628785,35.0,335.0,4.0,0.0
34.46935351689645,24.42,22.0,0.0,0.0
34.54895941416411,24.42,48.0,0.0,0.0
34.62856531143177,35.0,335.0,4.0,0.0
34.70817120869943,24.42,22.0,0.0,0.0
34.787777105967095,24.42,48.0,0.0,0.0
34.86738300323476,35.0,335.0,4.0,0.0
34.94698890050242,24.42,22.0,0.0,0.0
35.02659479777008,24.42,48.0,0.0,0.0
35.10620069503774,35.0,335.0,4.0,0.0
35.185806592305404,24.42,22.0,0.0,0.0
35.265412489573066,24.42,48.0,0.0,0.0
35.34501838684073,35.0,335.0,4.0,0.0
35.42462428410839,24.42,22.0,0.0,0.0
35.50423018137605,24.42,48.0,0.0,0.0
35.583836078643714,35.0,335.0,4.0,0.0
35.663441975911375,24.42,22.0,0.0,0.0
35.74304787317904,24.42,48.0,0.0,0.0
35.8226537704467,35.0,335.0,4.0,0.0
35.90225966771436,24.42,22.0,0.0,0.0
35.98186556498202,24.42,48.0,0.0,0.0
36.061471462249685,35.0,335.0,4.0,0.0
36.14107735951735,24.42,22.0,0.0,0.0
36.22068325678501,24.42,48.0,0.0,0.0
36.30028915405267,35.0,335.0,4.0,0.0
36.37989505132033,24.42,22.0,0.0,0.0
36.459500948587994,24.42,48.0,0.0,0.0
36.539106845855656,35.0,335.0,4.0,0.0
36.61871274312332,24.42,22.0,0.0,0.0
36.69831864039098,24.42,48.0,0.0,0.0
36.77792453765864,35.0,335.0,4.0,0.0
36.8575304349263,24.42,22.0,0.0,0.0
36.937136332193965,24.42,48.0,0.0,0.0
37.01674222946163,35.0,335.0,4.0,0.0
37.09634812672929,24.42,22.0,0.0,0.0
37.17595402399695,24.42,48.0,0.0,0.0
37.25555992126461,35.0,335.0,4.0,0.0
37.335165818532275,24.42,22.0,0.0,0.0
37.41477171579994,24.42,48.0,0.0,0.0
37.4943776130676,35.0,335.0,4.0,0.0
37.57398351033526,24.42,22.0,0.0,0.0
37.65358940760292,24.42,48.0,0.0,0.0
37.733195304870584,35.0,335.0,4.0,0.0
37.812801202138246,24.42,22.0,0.0,0.0
37.89240709940591,24.42,48.0,0.0,0.0
37.97201299667357,35.0,335.0,4.0,0.0
38.05161889394123,24.42,22.0,0.0,0.0
38.13122479120889,24.42,48.0,0.0,0.0
38.210830688476555,35.0,335.0,4.0,0.0
38.29043658574422,24.42,22.0,0.0,0.0
38.37004248301188,24.42,48.0,0.0,0.0
38.44964838027954,35.0,335.0,4.0,0.0
38.5292542775472,24.42,22.0,0.0,0.0
38.608860174814865,24.42,48.0,0.0,0.0
38.68846607208253,35.0,335.0,4.0,0.0
38.76807196935019,24.42,22.0,0.0,0.0
38.84767786661785,24.42,48.0,0.0,0.0
38.92728376388551,35.0,335.0,4.0,0.0
39.006889661153174,24.42,22.0,0.0,0.0
39.086495558420836,24.42,48.0,0.0,0.0
39.1661014556885,35.0,335.0,4.0,0.0
39.24570735295616,24.42,22.0,0.0,0.0
39.32531325022382,24.42,48.0,0.0,0.0
39.40491914749148,35.0,335.0,4.0,0.0
39.484525044759145,24.42,22.0,0.0,0.0
39.56413094202681,24.42,48.0,0.0,0.0
39.64373683929447,35.0,335.0,4.0,0.0
39.72334273656213,24.42,22.0,0.0,0.0
39.80294863382979,24.42,48.0,0.0,0.0
39.882554531097455,35.0,335.0,4.0,0.0
39.96216042836512,24.42,22.0,0.0,0.0
40.04176632563278,24.42,48.0,0.0,0.0
40.12137222290044,35.0,335.0,4.0,0.0
40.2009781201681,24.42,22.0,0.0,0.0
40.280584017435764,24.42,48.0,0.0,0.0
40.360189914703426,35.0,335.0,4.0,0.0
40.43979581197109,24.42,22.0,0.0,0.0
40.51940170923875,24.42,48.0,0.0,0.0
40.59900760650641,35.0,335.0,4.0,0.0
40.67861350377407,24.42,22.0,0.0,0.0
40.758219401041735,24.42,48.0,0.0,0.0
40.8378252983094,35.0,335.0,4.0,0.0
40.91743119557706,24.42,22.0,0.0,0.0
40.99703709284472,24.42,48.0,0.0,0.0
41.07664299011238,35.0,335.0,4.0,0.0
41.156248887380045,24.42,22.0,0.0,0.0
41.23585478464771,24.42,48.0,0.0,0.0
41.31546068191537,35.0,335.0,4.0,0.0
41.39506657918303,24.42,22.0,0.0,0.0
41.47467247645069,24.42,48.0,0.0,0.0
41.554278373718354,35.0,335.0,4.0,0.0
41.633884270986016,24.42,22.0,0.0,0.0
41.71349016825368,24.42,48.0,0.0,0.0
41.79309606552134,35.0,335.0,4.0,0.0
41.872701962789,24.42,22.0,0.0,0.0
41.95230786005666,24.42,48.0,0.0,0.0
42.031913757324325,35.0,335.0,4.0,0.0
42.11151965459199,24.42,22.0,0.0,0.0
42.19112555185965,24.42,48.0,0.0,0.0
42.27073144912731,35.0,335.0,4.0,0.0
42.35033734639497,24.42,22.0,0.0,0.0
42.429943243662635,24.42,48.0,0.0,0.0
42.5095491409303,35.0,335.0,4.0,0.0
42.58915503819796,24.42,22.0,0.0,0.0
42.66876093546562,24.42,48.0,0.0,0.0
42.74836683273328,35.0,335.0,4.0,0.0
42.827972730000944,24.42,22.0,0.0,0.0
42.907578627268606,24.42,48.0,0.0,0.0
42.98718452453627,35.0,335.0,4.0,0.0
43.06679042180393,24.42,22.0,0.0,0.0
43.14639631907159,24.42,48.0,0.0,0.0
43.22600221633925,35.0,335.0,4.0,0.0
43.305608113606915,24.42,22.0,0.0,0.0
43.38521401087458,24.42,48.0,0.0,0.0
43.46481990814224,35.0,335.0,4.0,0.0
43.5444258054099,24.42,22.0,0.0,0.0
43.62403170267756,24.42,48.0,0.0,0.0
43.703637599945225,35.0,335.0,4.0,0.0
43.78324349721289,24.42,22.0,0.0,0.0
43.86284939448055,24.42,48.0,0.0,0.0
43.94245529174821,35.0,335.0,4.0,0.0
44.02206118901587,24.42,22.0,0.0,0.0
44.101667086283534,24.42,48.0,0.0,0.0
44.181272983551196,35.0,335.0,4.0,0.0
44.26087888081886,24.42,22.0,0.0,0.0
44.34048477808652,24.42,48.0,0.0,0.0
44.42009067535418,35.0,335.0,4.0,0.0
44.49969657262184,24.42,22.0,0.0,0.0
44.579302469889505,24.42,48.0,0.0,0.0
44.65890836715717,35.0,335.0,4.0,0.0
44.73851426442483,24.42,22.0,0.0,0.0
44.81812016169249,24.42,48.0,0.0,0.0
44.89772605896015,35.0,335.0,4.0,0.0
44.977331956227815,24.42,22.0,0.0,0.0
45.05693785349548,24.42,48.0,0.0,0.0
45.13654375076314,35.0,335.0,4.0,0.0
45.2161496480308,24.42,22.0,0.0,0.0
45.29575554529846,24.42,48.0,0.0,0.0
45.375361442566124,35.0,335.0,4.0,0.0
45.454967339833786,24.42,22.0,0.0,0.0
45.53457323710145,24.42,48.0,0.0,0.0
45.61417913436911,35.0,335.0,4.0,0.0
45.69378503163677,24.42,22.0,0.0,0.0
45.77339092890443,24.42,48.0,0.0,0.0
45.852996826172095,35.0,335.0,4.0,0.0
45.93260272343976,24.42,22.0,0.0,0.0
46.01220862070742,24.42,48.0,0.0,0.0
46.09181451797508,35.0,335.0,4.0,0.0
46.17142041524274,24.42,22.0,0.0,0.0
46.251026312510405,24.42,48.0,0.0,0.0
46.33063220977807,35.0,335.0,4.0,0.0
46.41023810704573,24.42,22.0,0.0,0.0
46.48984400431339,24.42,48.0,0.0,0.0
46.56944990158105,35.0,335.0,4.0,0.0
46.649055798848714,24.42,22.0,0.0,0.0
46.728661696116376,24.42,48.0,0.0,0.0
46.80826759338404,35.0,335.0,4.0,0.0
46.8878734906517,24.42,22.0,0.0,0.0
46.96747938791936,24.42,48.0,0.0,0.0
47.04708528518702,35.0,335.0,4.0,0.0
47.126691182454685,24.42,22.0,0.0,0.0
47.20629707972235,24.42,48.0,0.0,0.0
47.28590297699001,35.0,335.0,4.0,0.0
47.36550887425767,24.42,22.0,0.0,0.0
47.44511477152533,24.42,48.0,0.0,0.0
47.524720668792995,35.0,335.0,4.0,0.0
47.60432656606066,24.42,22.0,0.0,0.0
47.68393246332832,24.42,48.0,0.0,0.0
47.76353836059598,35.0,335.0,4.0,0.0
47.84314425786364,24.42,22.0,0.0,0.0
47.922750155131304,24.42,48.0,0.0,0.0
48.002356052398966,35.0,335.0,4.0,0.0
48.08196194966663,24.42,22.0,0.0,0.0
48.16156784693429,24.42,48.0,0.0,0.0
48.24117374420195,35.0,335.0,4.0,0.0
48.32077964146961,24.42,22.0,0.0,0.0
48.400385538737275,24.42,48.0,0.0,0.0
48.47999143600494,35.0,335.0,4.0,0.0
48.5595973332726,24.42,22.0,0.0,0.0
48.63920323054026,24.42,48.0,0.0,0.0
48.71880912780792,35.0,335.0,4.0,0.0
48.798415025075585,24.42,22.0,0.0,0.0
48.87802092234325,24.42,48.0,0.0,0.0
48.95762681961091,35.0,335.0,4.0,0.0
49.03723271687857,24.42,22.0,0.0,0.0
49.11683861414623,24.42,48.0,0.0,0.0
49.196444511413894,35.0,335.0,4.0,0.0
49.276050408681556,24.42,22.0,0.0,0.0
49.35565630594922,24.42,48.0,0.0,0.0
49.43526220321688,35.0,335.0,4.0,0.0
49.51486810048454,24.42,22.0,0.0,0.0
49.5944739977522,24.42,48.0,0.0,0.0
49.674079895019865,35.0,335.0,4.0,0.0
49.75368579228753,24.42,22.0,0.0,0.0
49.83329168955519,24.42,48.0,0.0,0.0
49.91289758682285,35.0,335.0,4.0,0.0
49.99250348409051,24.42,22.0,0.0,0.0
50.072109381358175,24.42,48.0,0.0,0.0
50.151715278625836,35.0,335.0,4.0,0.0
50.2313211758935,24.42,22.0,0.0,0.0
50.31092707316116,24.42,48.0,0.0,0.0
50.39053297042882,35.0,335.0,4.0,0.0
50.470138867696484,24.42,22.0,0.0,0.0
50.549744764964146,24.42,48.0,0.0,0.0
50.62935066223181,35.0,335.0,4.0,0.0
50.70895655949947,24.42,22.0,0.0,0.0
50.78856245676713,24.42,48.0,0.0,0.0
50.86816835403479,35.0,335.0,4.0,0.0
50.947774251302455,24.42,22.0,0.0,0.0
51.02738014857012,24.42,48.0,0.0,0.0
51.10698604583778,35.0,335.0,4.0,0.0
51.18659194310544,24.42,22.0,0.0,0.0
51.2661978403731,24.42,48.0,0.0,0.0
51.345803737640765,35.0,335.0,4.0,0.0
51.425409634908426,24.42,22.0,0.0,0.0
51.50501553217609,24.42,48.0,0.0,0.0
51.58462142944375,35.0,335.0,4.0,0.0
51.66422732671141,24.42,22.0,0.0,0.0
51.743833223979074,24.42,48.0,0.0,0.0
51.823439121246736,35.0,335.0,4.0,0.0
51.9030450185144,24.42,22.0,0.0,0.0
51.98265091578206,24.42,48.0,0.0,0.0
52.06225681304972,35.0,335.0,4.0,0.0
52.14186271031738,24.42,22.0,0.0,0.0
52.221468607585045,24.42,48.0,0.0,0.0
52.30107450485271,35.0,335.0,4.0,0.0
52.38068040212037,24.42,22.0,0.0,0.0
52.46028629938803,24.42,48.0,0.0,0.0
52.53989219665569,35.0,335.0,4.0,0.0
52.619498093923355,24.42,22.0,0.0,0.0
52.699103991191016,24.42,48.0,0.0,0.0
52.77870988845868,35.0,335.0,4.0,0.0
52.85831578572634,24.42,22.0,0.0,0.0
52.937921682994,24.42,48.0,0.0,0.0
53.017527580261664,35.0,335.0,4.0,0.0
53.097133477529326,24.42,22.0,0.0,0.0
53.17673937479699,24.42,48.0,0.0,0.0
53.25634527206465,35.0,335.0,4.0,0.0
53.33595116933231,24.42,22.0,0.0,0.0
53.41555706659997,24.42,48.0,0.0,0.0
53.495162963867635,35.0,335.0,4.0,0.0
53.5747688611353,24.42,22.0,0.0,0.0
53.65437475840296,24.42,48.0,0.0,0.0
53.73398065567062,35.0,335.0,4.0,0.0
53.81358655293828,24.42,22.0,0.0,0.0
53.893192450205945,24.42,48.0,0.0,0.0
53.972798347473606,35.0,335.0,4.0,0.0
54.05240424474127,24.42,22.0,0.0,0.0
54.13201014200893,24.42,48.0,0.0,0.0
54.21161603927659,35.0,335.0,4.0,0.0
54.291221936544254,24.42,22.0,0.0,0.0
54.370827833811916,24.42,48.0,0.0,0.0
54.45043373107958,35.0,335.0,4.0,0.0
54.53003962834724,24.42,22.0,0.0,0.0
54.6096455256149,24.42,48.0,0.0,0.0
54.68925142288256,35.0,335.0,4.0,0.0
54.768857320150225,24.42,22.0,0.0,0.0
54.84846321741789,24.42,48.0,0.0,0.0
54.92806911468555,35.0,335.0,4.0,0.0
55.00767501195321,24.42,22.0,0.0,0.0
55.08728090922087,24.42,48.0,0.0,0.0
55.166886806488534,35.0,335.0,4.0,0.0
55.246492703756196,24.42,22.0,0.0,0.0
55.32609860102386,24.42,48.0,0.0,0.0
55.40570449829152,35.0,335.0,4.0,0.0
55.48531039555918,24.42,22.0,0.0,0.0
55.564916292826844,24.42,48.0,0.0,0.0
55.644522190094506,35.0,335.0,4.0,0.0
55.72412808736217,24.42,22.0,0.0,0.0
55.80373398462983,24.42,48.0,0.0,0.0
55.88333988189749,35.0,335.0,4.0,0.0
55.96294577916515,24.42,22.0,0.0,0.0
56.042551676432815,24.42,48.0,0.0,0.0
56.12215757370048,35.0,335.0,4.0,0.0
56.20176347096814,24.42,22.0,0.0,0.0
56.2813693682358,24.42,48.0,0.0,0.0
56.36097526550346,35.0,335.0,4.0,0.0
56.440581162771124,24.42,22.0,0.0,0.0
56.520187060038786,24.42,48.0,0.0,0.0
56.59979295730645,35.0,335.0,4.0,0.0
56.67939885457411,24.42,22.0,0.0,0.0
56.75900475184177,24.42,48.0,0.0,0.0
56.838610649109434,35.0,335.0,4.0,0.0
56.918216546377096,24.42,22.0,0.0,0.0
56.99782244364476,24.42,48.0,0.0,0.0
57.07742834091242,35.0,335.0,4.0,0.0
57.15703423818008,24.42,22.0,0.0,0.0
57.23664013544774,24.42,48.0,0.0,0.0
57.316246032715405,35.0,335.0,4.0,0.0
57.39585192998307,24.42,22.0,0.0,0.0
57.47545782725073,24.42,48.0,0.0,0.0
57.55506372451839,35.0,335.0,4.0,0.0
57.63466962178605,24.42,22.0,0.0,0.0
57.714275519053714,24.42,48.0,0.0,0.0
57.793881416321376,35.0,335.0,4.0,0.0
57.87348731358904,24.42,22.0,0.0,0.0
57.9530932108567,24.42,48.0,0.0,0.0
58.03269910812436,35.0,335.0,4.0,0.0
58.112305005392024,24.42,22.0,0.0,0.0
58.191910902659686,24.42,48.0,0.0,0.0
58.27151679992735,35.0,335.0,4.0,0.0
58.35112269719501,24.42,22.0,0.0,0.0
58.43072859446267,24.42,48.0,0.0,0.0
58.51033449173033,35.0,335.0,4.0,0.0
58.589940388997995,24.42,22.0,0.0,0.0
58.66954628626566,24.42,48.0,0.0,0.0
58.74915218353332,35.0,335.0,4.0,0.0
58.82875808080098,24.42,22.0,0.0,0.0
58.90836397806864,24.42,48.0,0.0,0.0
58.987969875336304,35.0,335.0,4.0,0.0
59.067575772603966,24.42,22.0,0.0,0.0
59.14718166987163,24.42,48.0,0.0,0.0
59.22678756713929,35.0,335.0,4.0,0.0
59.30639346440695,24.42,22.0,0.0,0.0
59.385999361674614,24.42,48.0,0.0,0.0
59.465605258942276,35.0,335.0,4.0,0.0
59.54521115620994,24.42,22.0,0.0,0.0
59.6248170534776,24.42,48.0,0.0,0.0
59.70442295074526,35.0,335.0,4.0,0.0
59.78402884801292,24.42,22.0,0.0,0.0
59.863634745280585,24.42,48.0,0.0,0.0
59.94324064254825,35.0,335.0,4.0,0.0
60.02284653981591,24.42,22.0,0.0,0.0
60.10245243708357,24.42,48.0,0.0,0.0
60.18205833435123,35.0,335.0,4.0,0.0
60.261664231618894,24.42,22.0,0.0,0.0
60.341270128886556,24.42,48.0,0.0,0.0
60.42087602615422,35.0,335.0,4.0,0.0
60.50048192342188,24.42,22.0,0.0,0.0
60.58008782068954,24.42,48.0,0.0,0.0
60.659693717957204,35.0,335.0,4.0,0.0
60.739299615224866,24.42,22.0,0.0,0.0
60.81890551249253,24.42,48.0,0.0,0.0
60.89851140976019,35.0,335.0,4.0,0.0
60.97811730702785,24.42,22.0,0.0,0.0
61.05772320429551,24.42,48.0,0.0,0.0
61.137329101563175,35.0,335.0,4.0,0.0
61.21693499883084,24.42,22.0,0.0,0.0
61.2965408960985,24.42,48.0,0.0,0.0
61.37614679336616,35.0,335.0,4.0,0.0
61.45575269063382,24.42,22.0,0.0,0.0
61.535358587901484,24.42,48.0,0.0,0.0
61.614964485169146,35.0,335.0,4.0,0.0
61.69457038243681,24.42,22.0,0.0,0.0
61.77417627970447,24.42,48.0,0.0,0.0
61.85378217697213,35.0,335.0,4.0,0.0
61.933388074239794,24.42,22.0,0.0,0.0
62.012993971507456,24.42,48.0,0.0,0.0
62.09259986877512,35.0,335.0,4.0,0.0
62.17220576604278,24.42,22.0,0.0,0.0
62.25181166331044,24.42,48.0,0.0,0.0
62.3314175605781,35.0,335.0,4.0,0.0
62.411023457845765,24.42,22.0,0.0,0.0
62.49062935511343,24.42,48.0,0.0,0.0
62.57023525238109,35.0,335.0,4.0,0.0
62.64984114964875,24.42,22.0,0.0,0.0
62.72944704691641,24.42,48.0,0.0,0.0
62.809052944184074,35.0,335.0,4.0,0.0
62.888658841451736,24.42,22.0,0.0,0.0
62.9682647387194,24.42,48.0,0.0,0.0
63.04787063598706,35.0,335.0,4.0,0.0
63.12747653325472,24.42,22.0,0.0,0.0
63.207082430522384,24.42,48.0,0.0,0.0
63.286688327790046,35.0,335.0,4.0,0.0
63.36629422505771,24.42,22.0,0.0,0.0
63.44590012232537,24.42,48.0,0.0,0.0
63.52550601959303,35.0,335.0,4.0,0.0
63.60511191686069,24.42,22.0,0.0,0.0
63.684717814128355,24.42,48.0,0.0,0.0
63.76432371139602,35.0,335.0,4.0,0.0
63.84392960866368,24.42,22.0,0.0,0.0
63.92353550593134,24.42,48.0,0.0,0.0
64.003141403199,35.0,335.0,4.0,0.0
64.08274730046665,24.42,22.0,0.0,0.0
64.1623531977343,24.42,48.0,0.0,0.0
64.24195909500196,35.0,335.0,4.0,0.0
64.32156499226961,24.42,22.0,0.0,0.0
64.40117088953727,24.42,48.0,0.0,0.0
64.48077678680492,35.0,335.0,4.0,0.0
64.56038268407258,24.42,22.0,0.0,0.0
64.63998858134023,24.42,48.0,0.0,0.0
64.71959447860789,35.0,335.0,4.0,0.0
64.79920037587554,24.42,22.0,0.0,0.0
64.8788062731432,24.42,48.0,0.0,0.0
64.95841217041085,35.0,335.0,4.0,0.0
65.03801806767851,24.42,22.0,0.0,0.0
65.11762396494616,24.42,48.0,0.0,0.0
65.19722986221382,35.0,335.0,4.0,0.0
65.27683575948147,24.42,22.0,0.0,0.0
65.35644165674913,24.42,48.0,0.0,0.0
65.43604755401678,35.0,335.0,4.0,0.0
65.51565345128444,24.42,22.0,0.0,0.0
65.59525934855209,24.42,48.0,0.0,0.0
65.67486524581975,35.0,335.0,4.0,0.0
65.7544711430874,24.42,22.0,0.0,0.0
65.83407704035506,24.42,48.0,0.0,0.0
65.91368293762271,35.0,335.0,4.0,0.0
65.99328883489036,24.42,22.0,0.0,0.0
66.07289473215802,24.42,48.0,0.0,0.0
66.15250062942567,35.0,335.0,4.0,0.0
66.23210652669333,24.42,22.0,0.0,0.0
66.31171242396098,24.42,48.0,0.0,0.0
66.39131832122864,35.0,335.0,4.0,0.0
66.4709242184963,24.42,22.0,0.0,0.0
66.55053011576395,24.42,48.0,0.0,0.0
66.6301360130316,35.0,335.0,4.0,0.0
66.70974191029926,24.42,22.0,0.0,0.0
66.78934780756691,24.42,48.0,0.0,0.0
66.86895370483457,35.0,335.0,4.0,0.0
66.94855960210222,24.42,22.0,0.0,0.0
67.02816549936988,24.42,48.0,0.0,0.0
67.10777139663753,35.0,335.0,4.0,0.0
67.18737729390519,24.42,22.0,0.0,0.0
67.26698319117284,24.42,48.0,0.0,0.0
67.3465890884405,35.0,335.0,4.0,0.0
67.42619498570815,24.42,22.0,0.0,0.0
67.5058008829758,24.42,48.0,0.0,0.0
67.58540678024346,35.0,335.0,4.0,0.0
67.66501267751111,24.42,22.0,0.0,0.0
67.74461857477877,24.42,48.0,0.0,0.0
67.82422447204642,35.0,335.0,4.0,0.0
67.90383036931408,24.42,22.0,0.0,0.0
67.98343626658173,24.42,48.0,0.0,0.0
68.06304216384939,35.0,335.0,4.0,0.0
68.14264806111704,24.42,22.0,0.0,0.0
68.2222539583847,24.42,48.0,0.0,0.0
68.30185985565235,35.0,335.0,4.0,0.0
68.38146575292001,24.42,22.0,0.0,0.0
68.46107165018766,24.42,48.0,0.0,0.0
68.54067754745532,35.0,335.0,4.0,0.0
68.62028344472297,24.42,22.0,0.0,0.0
68.69988934199063,24.42,48.0,0.0,0.0
68.77949523925828,35.0,335.0,4.0,0.0
68.85910113652594,24.42,22.0,0.0,0.0
68.93870703379359,24.42,48.0,0.0,0.0
69.01831293106125,35.0,335.0,4.0,0.0
69.0979188283289,24.42,22.0,0.0,0.0
69.17752472559656,24.42,48.0,0.0,0.0
69.25713062286421,35.0,335.0,4.0,0.0
69.33673652013186,24.42,22.0,0.0,0.0
69.41634241739952,24.42,48.0,0.0,0.0
69.49594831466717,35.0,335.0,4.0,0.0
69.57555421193483,24.42,22.0,0.0,0.0
69.65516010920248,24.42,48.0,0.0,0.0
69.73476600647014,35.0,335.0,4.0,0.0
69.8143719037378,24.42,22.0,0.0,0.0
69.89397780100545,24.42,48.0,0.0,0.0
69.9735836982731,35.0,335.0,4.0,0.0
70.05318959554076,24.42,22.0,0.0,0.0
70.13279549280841,24.42,48.0,0.0,0.0
70.21240139007607,35.0,335.0,4.0,0.0
70.29200728734372,24.42,22.0,0.0,0.0
70.37161318461138,24.42,48.0,0.0,0.0
70.45121908187903,35.0,335.0,4.0,0.0
70.53082497914669,24.42,22.0,0.0,0.0
70.61043087641434,24.42,48.0,0.0,0.0
70.690036773682,35.0,335.0,4.0,0.0
70.76964267094965,24.42,22.0,0.0,0.0
70.8492485682173,24.42,48.0,0.0,0.0
70.92885446548496,35.0,335.0,4.0,0.0
71.00846036275261,24.42,22.0,0.0,0.0
71.08806626002027,24.42,48.0,0.0,0.0
71.16767215728792,35.0,335.0,4.0,0.0
71.24727805455558,24.42,22.0,0.0,0.0
71.32688395182323,24.42,48.0,0.0,0.0
71.40648984909089,35.0,335.0,4.0,0.0
71.48609574635854,24.42,22.0,0.0,0.0
71.5657016436262,24.42,48.0,0.0,0.0
71.64530754089385,35.0,335.0,4.0,0.0
71.72491343816151,24.42,22.0,0.0,0.0
71.80451933542916,24.42,48.0,0.0,0.0
71.88412523269682,35.0,335.0,4.0,0.0
71.96373112996447,24.42,22.0,0.0,0.0
72.04333702723213,24.42,48.0,0.0,0.0
72.12294292449978,35.0,335.0,4.0,0.0
72.20254882176744,24.42,22.0,0.0,0.0
72.28215471903509,24.42,48.0,0.0,0.0
72.36176061630275,35.0,335.0,4.0,0.0
72.4413665135704,24.42,22.0,0.0,0.0
72.52097241083806,24.42,48.0,0.0,0.0
72.60057830810571,35.0,335.0,4.0,0.0
72.68018420537337,24.42,22.0,0.0,0.0
72.75979010264102,24.42,48.0,0.0,0.0
72.83939599990867,35.0,335.0,4.0,0.0
72.91900189717633,24.42,22.0,0.0,0.0
72.99860779444398,24.42,48.0,0.0,0.0
73.07821369171164,35.0,335.0,4.0,0.0
73.1578195889793,24.42,22.0,0.0,0.0
73.23742548624695,24.42,48.0,0.0,0.0
73.3170313835146,35.0,335.0,4.0,0.0
73.39663728078226,24.42,22.0,0.0,0.0
73.47624317804991,24.42,48.0,0.0,0.0
73.55584907531757,35.0,335.0,4.0,0.0
73.63545497258522,24.42,22.0,0.0,0.0
73.71506086985288,24.42,48.0,0.0,0.0
73.79466676712053,35.0,335.0,4.0,0.0
73.87427266438819,24.42,22.0,0.0,0.0
73.95387856165584,24.42,48.0,0.0,0.0
74.0334844589235,35.0,335.0,4.0,0.0
74.11309035619115,24.42,22.0,0.0,0.0
74.1926962534588,24.42,48.0,0.0,0.0
74.27230215072646,35.0,335.0,4.0,0.0
74.35190804799412,24.42,22.0,0.0,0.0
74.43151394526177,24.42,48.0,0.0,0.0
74.51111984252942,35.0,335.0,4.0,0.0
74.59072573979708,24.42,22.0,0.0,0.0
74.67033163706473,24.42,48.0,0.0,0.0
74.74993753433239,35.0,335.0,4.0,0.0
74.82954343160004,24.42,22.0,0.0,0.0
74.9091493288677,24.42,48.0,0.0,0.0
74.98875522613535,35.0,335.0,4.0,0.0
75.06836112340301,24.42,22.0,0.0,0.0
75.14796702067066,24.42,48.0,0.0,0.0
75.22757291793832,35.0,335.0,4.0,0.0
75.30717881520597,24.42,22.0,0.0,0.0
75.38678471247363,24.42,48.0,0.0,0.0
75.46639060974128,35.0,335.0,4.0,0.0
75.54599650700894,24.42,22.0,0.0,0.0
75.62560240427659,24.42,48.0,0.0,0.0
75.70520830154425,35.0,335.0,4.0,0.0
75.7848141988119,24.42,22.0,0.0,0.0
75.86442009607956,24.42,48.0,0.0,0.0
75.94402599334721,35.0,335.0,4.0,0.0
76.02363189061487,24.42,22.0,0.0,0.0
76.10323778788252,24.42,48.0,0.0,0.0
76.18284368515017,35.0,335.0,4.0,0.0
76.26244958241783,24.42,22.0,0.0,0.0
76.34205547968548,24.42,48.0,0.0,0.0
76.42166137695314,35.0,335.0,4.0,0.0
76.5012672742208,24.42,22.0,0.0,0.0
76.58087317148845,24.42,48.0,0.0,0.0
76.6604790687561,35.0,335.0,4.0,0.0
76.74008496602376,24.42,22.0,0.0,0.0
76.81969086329141,24.42,48.0,0.0,0.0
76.89929676055907,35.0,335.0,4.0,0.0
76.97890265782672,24.42,22.0,0.0,0.0
77.05850855509438,24.42,48.0,0.0,0.0
77.13811445236203,35.0,335.0,4.0,0.0
77.21772034962969,24.42,22.0,0.0,0.0
77.29732624689734,24.42,48.0,0.0,0.0
77.376932144165,35.0,335.0,4.0,0.0
77.45653804143265,24.42,22.0,0.0,0.0
77.5361439387003,24.42,48.0,0.0,0.0
77.61574983596796,35.0,335.0,4.0,0.0
77.69535573323562,24.42,22.0,0.0,0.0
77.77496163050327,24.42,48.0,0.0,0.0
77.85456752777093,35.0,335.0,4.0,0.0
77.93417342503858,24.42,22.0,0.0,0.0
78.01377932230623,24.42,48.0,0.0,0.0
78.09338521957389,35.0,335.0,4.0,0.0
78.17299111684154,24.42,22.0,0.0,0.0
78.2525970141092,24.42,48.0,0.0,0.0
78.33220291137685,35.0,335.0,4.0,0.0
78.41180880864451,24.42,22.0,0.0,0.0
78.49141470591216,24.42,48.0,0.0,0.0
78.57102060317982,35.0,335.0,4.0,0.0
78.65062650044747,24.42,22.0,0.0,0.0
78.73023239771513,24.42,48.0,0.0,0.0
78.80983829498278,35.0,335.0,4.0,0.0
78.88944419225044,24.42,22.0,0.0,0.0
78.96905008951809,24.42,48.0,0.0,0.0
79.04865598678575,35.0,335.0,4.0,0.0
79.1282618840534,24.42,22.0,0.0,0.0
79.20786778132106,24.42,48.0,0.0,0.0
79.28747367858871,35.0,335.0,4.0,0.0
79.36707957585637,24.42,22.0,0.0,0.0
79.44668547312402,24.42,48.0,0.0,0.0
79.52629137039168,35.0,335.0,4.0,0.0
79.60589726765933,24.42,22.0,0.0,0.0
79.68550316492698,24.42,48.0,0.0,0.0
79.76510906219464,35.0,335.0,4.0,0.0
79.8447149594623,24.42,22.0,0.0,0.0
79.92432085672995,24.42,48.0,0.0,0.0
80.0039267539976,35.0,335.0,4.0,0.0
80.08353265126526,24.42,22.0,0.0,0.0
80.16313854853291,24.42,48.0,0.0,0.0
80.24274444580057,35.0,335.0,4.0,0.0
80.32235034306822,24.42,22.0,0.0,0.0
80.40195624033588,24.42,48.0,0.0,0.0
80.48156213760353,35.0,335.0,4.0,0.0
80.56116803487119,24.42,22.0,0.0,0.0
80.64077393213884,24.42,48.0,0.0,0.0
80.7203798294065,35.0,335.0,4.0,0.0
80.79998572667415,24.42,22.0,0.0,0.0
80.8795916239418,24.42,48.0,0.0,0.0
80.95919752120946,35.0,335.0,4.0,0.0
81.03880341847712,24.42,22.0,0.0,0.0
81.11840931574477,24.42,48.0,0.0,0.0
81.19801521301243,35.0,335.0,4.0,0.0
81.27762111028008,24.42,22.0,0.0,0.0
81.35722700754773,24.42,48.0,0.0,0.0
81.43683290481539,35.0,335.0,4.0,0.0
81.51643880208304,24.42,22.0,0.0,0.0
81.5960446993507,24.42,48.0,0.0,0.0
81.67565059661835,35.0,335.0,4.0,0.0
81.75525649388601,24.42,22.0,0.0,0.0
81.83486239115366,24.42,48.0,0.0,0.0
81.91446828842132,35.0,335.0,4.0,0.0
81.99407418568897,24.42,22.0,0.0,0.0
82.07368008295663,24.42,48.0,0.0,0.0
82.15328598022428,35.0,335.0,4.0,0.0
82.23289187749194,24.42,22.0,0.0,0.0
82.31249777475959,24.42,48.0,0.0,0.0
82.39210367202725,35.0,335.0,4.0,0.0
82.4717095692949,24.42,22.0,0.0,0.0
82.55131546656256,24.42,48.0,0.0,0.0
82.63092136383021,35.0,335.0,4.0,0.0
82.71052726109787,24.42,22.0,0.0,0.0
82.79013315836552,24.42,48.0,0.0,0.0
82.86973905563318,35.0,335.0,4.0,0.0
82.94934495290083,24.42,22.0,0.0,0.0
83.02895085016848,24.42,48.0,0.0,0.0
83.10855674743614,35.0,335.0,4.0,0.0
83.1881626447038,24.42,22.0,0.0,0.0
83.26776854197145,24.42,48.0,0.0,0.0
83.3473744392391,35.0,335.0,4.0,0.0
83.42698033650676,24.42,22.0,0.0,0.0
83.50658623377441,24.42,48.0,0.0,0.0
83.58619213104207,35.0,335.0,4.0,0.0
83.66579802830972,24.42,22.0,0.0,0.0
83.74540392557738,24.42,48.0,0.0,0.0
83.82500982284503,35.0,335.0,4.0,0.0
83.90461572011269,24.42,22.0,0.0,0.0
83.98422161738034,24.42,48.0,0.0,0.0
84.063827514648,35.0,335.0,4.0,0.0
84.14343341191565,24.42,22.0,0.0,0.0
84.2230393091833,24.42,48.0,0.0,0.0
84.30264520645096,35.0,335.0,4.0,0.0
84.38225110371862,24.42,22.0,0.0,0.0
84.46185700098627,24.42,48.0,0.0,0.0
84.54146289825393,35.0,335.0,4.0,0.0
84.62106879552158,24.42,22.0,0.0,0.0
84.70067469278924,24.42,48.0,0.0,0.0
84.78028059005689,35.0,335.0,4.0,0.0
84.85988648732454,24.42,22.0,0.0,0.0
84.9394923845922,24.42,48.0,0.0,0.0
85.01909828185985,35.0,335.0,4.0,0.0
85.09870417912751,24.42,22.0,0.0,0.0
85.17831007639516,24.42,48.0,0.0,0.0
85.25791597366282,35.0,335.0,4.0,0.0
85.33752187093047,24.42,22.0,0.0,0.0
85.41712776819813,24.42,48.0,0.0,0.0
85.49673366546578,35.0,335.0,4.0,0.0
85.57633956273344,24.42,22.0,0.0,0.0
85.65594546000109,24.42,48.0,0.0,0.0
85.73555135726875,35.0,335.0,4.0,0.0
85.8151572545364,24.42,22.0,0.0,0.0
85.89476315180406,24.42,48.0,0.0,0.0
85.97436904907171,35.0,335.0,4.0,0.0
86.05397494633937,24.42,22.0,0.0,0.0
86.13358084360702,24.42,48.0,0.0,0.0
86.21318674087468,35.0,335.0,4.0,0.0
86.29279263814233,24.42,22.0,0.0,0.0
86.37239853540999,24.42,48.0,0.0,0.0
86.45200443267764,35.0,335.0,4.0,0.0
86.5316103299453,24.42,22.0,0.0,0.0
86.61121622721295,24.42,48.0,0.0,0.0
86.6908221244806,35.0,335.0,4.0,0.0
86.77042802174826,24.42,22.0,0.0,0.0
86.85003391901591,24.42,48.0,0.0,0.0
86.92963981628357,35.0,335.0,4.0,0.0
87.00924571355122,24.42,22.0,0.0,0.0
87.08885161081888,24.42,48.0,0.0,0.0
87.16845750808653,35.0,335.0,4.0,0.0
87.24806340535419,24.42,22.0,0.0,0.0
87.32766930262184,24.42,48.0,0.0,0.0
87.4072751998895,35.0,335.0,4.0,0.0
87.48688109715715,24.42,22.0,0.0,0.0
87.5664869944248,24.42,48.0,0.0,0.0
87.64609289169246,35.0,335.0,4.0,0.0
87.72569878896012,24.42,22.0,0.0,0.0
87.80530468622777,24.42,48.0,0.0,0.0
87.88491058349543,35.0,335.0,4.0,0.0
87.96451648076308,24.42,22.0,0.0,0.0
88.04412237803074,24.42,48.0,0.0,0.0
88.12372827529839,35.0,335.0,4.0,0.0
88.20333417256604,24.42,22.0,0.0,0.0
88.2829400698337,24.42,48.0,0.0,0.0
88.36254596710135,35.0,335.0,4.0,0.0
88.44215186436901,24.42,22.0,0.0,0.0
88.52175776163666,24.42,48.0,0.0,0.0
88.60136365890432,35.0,335.0,4.0,0.0
88.68096955617197,24.42,22.0,0.0,0.0
88.76057545343963,24.42,48.0,0.0,0.0
88.84018135070728,35.0,335.0,4.0,0.0
88.91978724797494,24.42,22.0,0.0,0.0
88.99939314524259,24.42,48.0,0.0,0.0
89.07899904251025,35.0,335.0,4.0,0.0
89.1586049397779,24.42,22.0,0.0,0.0
89.23821083704556,24.42,48.0,0.0,0.0
89.31781673431321,35.0,335.0,4.0,0.0
89.39742263158087,24.42,22.0,0.0,0.0
89.47702852884852,24.42,48.0,0.0,0.0
89.55663442611618,35.0,335.0,4.0,0.0
89.63624032338383,24.42,22.0,0.0,0.0
89.71584622065149,24.42,48.0,0.0,0.0
89.79545211791914,35.0,335.0,4.0,0.0
89.8750580151868,24.42,22.0,0.0,0.0
89.95466391245445,24.42,48.0,0.0,0.0
90.0342698097221,35.0,335.0,4.0,0.0
90.11387570698976,24.42,22.0,0.0,0.0
90.19348160425741,24.42,48.0,0.0,0.0
90.27308750152507,35.0,335.0,4.0,0.0
90.35269339879272,24.42,22.0,0.0,0.0
90.43229929606038,24.42,48.0,0.0,0.0
90.51190519332803,35.0,335.0,4.0,0.0
90.59151109059569,24.42,22.0,0.0,0.0
90.67111698786334,24.42,48.0,0.0,0.0
90.750722885131,35.0,335.0,4.0,0.0
90.83032878239865,24.42,22.0,0.0,0.0
90.9099346796663,24.42,48.0,0.0,0.0
90.98954057693396,35.0,335.0,4.0,0.0
91.06914647420162,24.42,22.0,0.0,0.0
91.14875237146927,24.42,48.0,0.0,0.0
91.22835826873693,35.0,335.0,4.0,0.0
91.30796416600458,24.42,22.0,0.0,0.0
91.38757006327224,24.42,48.0,0.0,0.0
91.46717596053989,35.0,335.0,4.0,0.0
91.54678185780755,24.42,22.0,0.0,0.0
91.6263877550752,24.42,48.0,0.0,0.0
91.70599365234285,35.0,335.0,4.0,0.0
91.78559954961051,24.42,22.0,0.0,0.0
91.86520544687816,24.42,48.0,0.0,0.0
91.94481134414582,35.0,335.0,4.0,0.0
92.02441724141347,24.42,22.0,0.0,0.0
92.10402313868113,24.42,48.0,0.0,0.0
92.18362903594878,35.0,335.0,4.0,0.0
92.26323493321644,24.42,22.0,0.0,0.0
92.34284083048409,24.42,48.0,0.0,0.0
92.42244672775175,35.0,335.0,4.0,0.0
92.5020526250194,24.42,22.0,0.0,0.0
92.58165852228706,24.42,48.0,0.0,0.0
92.66126441955471,35.0,335.0,4.0,0.0
92.74087031682237,24.42,22.0,0.0,0.0
92.82047621409002,24.42,48.0,0.0,0.0
92.90008211135768,35.0,335.0,4.0,0.0
92.97968800862533,24.42,22.0,0.0,0.0
93.05929390589299,24.42,48.0,0.0,0.0
93.13889980316064,35.0,335.0,4.0,0.0
93.2185057004283,24.42,22.0,0.0,0.0
93.29811159769595,24.42,48.0,0.0,0.0
93.3777174949636,35.0,335.0,4.0,0.0
93.45732339223126,24.42,22.0,0.0,0.0
93.53692928949891,24.42,48.0,0.0,0.0
93.61653518676657,35.0,335.0,4.0,0.0
93.69614108403422,24.42,22.0,0.0,0.0
93.77574698130188,24.42,48.0,0.0,0.0
93.85535287856953,35.0,335.0,4.0,0.0
93.93495877583719,24.42,22.0,0.0,0.0
94.01456467310484,24.42,48.0,0.0,0.0
94.0941705703725,35.0,335.0,4.0,0.0
94.17377646764015,24.42,22.0,0.0,0.0
94.25338236490781,24.42,48.0,0.0,0.0
94.33298826217546,35.0,335.0,4.0,0.0
94.41259415944312,24.42,22.0,0.0,0.0
94.49220005671077,24.42,48.0,0.0,0.0
94.57180595397843,35.0,335.0,4.0,0.0
94.65141185124608,24.42,22.0,0.0,0.0
94.73101774851374,24.42,48.0,0.0,0.0
94.81062364578139,35.0,335.0,4.0,0.0
94.89022954304905,24.42,22.0,0.0,0.0
94.9698354403167,24.42,48.0,0.0,0.0
95.04944133758435,35.0,335.0,4.0,0.0
95.12904723485201,24.42,22.0,0.0,0.0
95.20865313211966,24.42,48.0,0.0,0.0
95.28825902938732,35.0,335.0,4.0,0.0
95.36786492665497,24.42,22.0,0.0,0.0
95.44747082392263,24.42,48.0,0.0,0.0
95.52707672119028,35.0,335.0,4.0,0.0
95.60668261845794,24.42,22.0,0.0,0.0
95.6862885157256,24.42,48.0,0.0,0.0
95.76589441299325,35.0,335.0,4.0,0.0
95.8455003102609,24.42,22.0,0.0,0.0
95.92510620752856,24.42,48.0,0.0,0.0
96.00471210479621,35.0,335.0,4.0,0.0
96.08431800206387,24.42,22.0,0.0,0.0
96.16392389933152,24.42,48.0,0.0,0.0
96.24352979659918,35.0,335.0,4.0,0.0
96.32313569386683,24.42,22.0,0.0,0.0
96.40274159113449,24.42,48.0,0.0,0.0
96.48234748840214,35.0,335.0,4.0,0.0
96.5619533856698,24.42,22.0,0.0,0.0
96.64155928293745,24.42,48.0,0.0,0.0
96.7211651802051,35.0,335.0,4.0,0.0
96.80077107747276,24.42,22.0,0.0,0.0
96.88037697474041,24.42,48.0,0.0,0.0
96.95998287200807,35.0,335.0,4.0,0.0
97.03958876927572,24.42,22.0,0.0,0.0
97.11919466654338,24.42,48.0,0.0,0.0
97.19880056381103,35.0,335.0,4.0,0.0
97.27840646107869,24.42,22.0,0.0,0.0
97.35801235834634,24.42,48.0,0.0,0.0
97.437618255614,35.0,335.0,4.0,0.0
97.51722415288165,24.42,22.0,0.0,0.0
97.59683005014931,24.42,48.0,0.0,0.0
97.67643594741696,35.0,335.0,4.0,0.0
97.75604184468462,24.42,22.0,0.0,0.0
97.83564774195227,24.42,48.0,0.0,0.0
97.91525363921993,35.0,335.0,4.0,0.0
97.99485953648758,24.42,22.0,0.0,0.0
98.07446543375524,24.42,48.0,0.0,0.0
98.15407133102289,35.0,335.0,4.0,0.0
98.23367722829055,24.42,22.0,0.0,0.0
98.3132831255582,24.42,48.0,0.0,0.0
98.39288902282586,35.0,335.0,4.0,0.0
98.47249492009351,24.42,22.0,0.0,0.0
98.55210081736116,24.42,48.0,0.0,0.0
98.63170671462882,35.0,335.0,4.0,0.0
98.71131261189647,24.42,22.0,0.0,0.0
98.79091850916413,24.42,48.0,0.0,0.0
98.87052440643178,35.0,335.0,4.0,0.0
98.95013030369944,24.42,22.0,0.0,0.0
99.0297362009671,24.42,48.0,0.0,0.0
99.10934209823475,35.0,335.0,4.0,0.0
99.1889479955024,24.42,22.0,0.0,0.0
99.26855389277006,24.42,48.0,0.0,0.0
99.34815979003771,35.0,335.0,4.0,0.0
99.42776568730537,24.42,22.0,0.0,0.0
99.50737158457302,24.42,48.0,0.0,0.0
99.58697748184068,35.0,335.0,4.0,0.0
99.66658337910833,24.42,22.0,0.0,0.0
99.74618927637599,24.42,48.0,0.0,0.0
99.82579517364364,35.0,335.0,4.0,0.0
99.9054010709113,24.42,22.0,0.0,0.0
99.98500696817895,24.42,48.0,0.0,0.0
100.0646128654466,35.0,335.0,4.0,0.0
100.14421876271426,24.42,22.0,0.0,0.0
100.22382465998191,24.42,48.0,0.0,0.0
100.30343055724957,35.0,335.0,4.0,0.0
100.38303645451722,24.42,22.0,0.0,0.0
100.46264235178488,24.42,48.0,0.0,0.0
100.54224824905253,35.0,335.0,4.0,0.0
100.62185414632019,24.42,22.0,0.0,0.0
100.70146004358784,24.42,48.0,0.0,0.0
100.7810659408555,35.0,335.0,4.0,0.0
100.86067183812315,24.42,22.0,0.0,0.0
100.94027773539081,24.42,48.0,0.0,0.0
101.01988363265846,35.0,335.0,4.0,0.0
101.09948952992612,24.42,22.0,0.0,0.0
101.17909542719377,24.42,48.0,0.0,0.0
101.25870132446143,35.0,335.0,4.0,0.0
101.33830722172908,24.42,22.0,0.0,0.0
101.41791311899674,24.42,48.0,0.0,0.0
101.49751901626439,35.0,335.0,4.0,0.0
101.57712491353205,24.42,22.0,0.0,0.0
101.6567308107997,24.42,48.0,0.0,0.0
101.73633670806736,35.0,335.0,4.0,0.0
101.81594260533501,24.42,22.0,0.0,0.0
101.89554850260267,24.42,48.0,0.0,0.0
101.97515439987032,35.0,335.0,4.0,0.0
102.05476029713797,24.42,22.0,0.0,0.0
102.13436619440563,24.42,48.0,0.0,0.0
102.21397209167328,35.0,335.0,4.0,0.0
102.29357798894094,24.42,22.0,0.0,0.0
102.3731838862086,24.42,48.0,0.0,0.0
102.45278978347625,35.0,335.0,4.0,0.0
102.5323956807439,24.42,22.0,0.0,0.0
102.61200157801156,24.42,48.0,0.0,0.0
102.69160747527921,35.0,335.0,4.0,0.0
102.77121337254687,24.42,22.0,0.0,0.0
102.85081926981452,24.42,48.0,0.0,0.0
102.93042516708218,35.0,335.0,4.0,0.0
103.01003106434983,24.42,22.0,0.0,0.0
103.08963696161749,24.42,48.0,0.0,0.0
103.16924285888514,35.0,335.0,4.0,0.0
103.2488487561528,24.42,22.0,0.0,0.0
103.32845465342045,24.42,48.0,0.0,0.0
103.4080605506881,35.0,335.0,4.0,0.0
103.48766644795576,24.42,22.0,0.0,0.0
103.56727234522342,24.42,48.0,0.0,0.0
103.64687824249107,35.0,335.0,4.0,0.0
103.72648413975872,24.42,22.0,0.0,0.0
103.80609003702638,24.42,48.0,0.0,0.0
103.88569593429403,35.0,335.0,4.0,0.0
103.96530183156169,24.42,22.0,0.0,0.0
104.04490772882934,24.42,48.0,0.0,0.0
104.124513626097,35.0,335.0,4.0,0.0
104.20411952336465,24.42,22.0,0.0,0.0
104.28372542063231,24.42,48.0,0.0,0.0
104.36333131789996,35.0,335.0,4.0,0.0
104.44293721516762,24.42,22.0,0.0,0.0
104.52254311243527,24.42,48.0,0.0,0.0
104.60214900970293,35.0,335.0,4.0,0.0
104.68175490697058,24.42,22.0,0.0,0.0
104.76136080423824,24.42,48.0,0.0,0.0
104.84096670150589,35.0,335.0,4.0,0.0
104.92057259877355,24.42,22.0,0.0,0.0
105.0001784960412,24.42,48.0,0.0,0.0
105.07978439330886,35.0,335.0,4.0,0.0
105.15939029057651,24.42,22.0,0.0,0.0
105.23899618784417,24.42,48.0,0.0,0.0
105.31860208511182,35.0,335.0,4.0,0.0
105.39820798237947,24.42,22.0,0.0,0.0
105.47781387964713,24.42,48.0,0.0,0.0
105.55741977691478,35.0,335.0,4.0,0.0
105.63702567418244,24.42,22.0,0.0,0.0
105.7166315714501,24.42,48.0,0.0,0.0
105.79623746871775,35.0,335.0,4.0,0.0
105.8758433659854,24.42,22.0,0.0,0.0
105.95544926325306,24.42,48.0,0.0,0.0
106.03505516052071,35.0,335.0,4.0,0.0
106.11466105778837,24.42,22.0,0.0,0.0
106.19426695505602,24.42,48.0,0.0,0.0
106.27387285232368,35.0,335.0,4.0,0.0
106.35347874959133,24.42,22.0,0.0,0.0
106.43308464685899,24.42,48.0,0.0,0.0
106.51269054412664,35.0,335.0,4.0,0.0
106.5922964413943,24.42,22.0,0.0,0.0
106.67190233866195,24.42,48.0,0.0,0.0
106.7515082359296,35.0,335.0,4.0,0.0
106.83111413319726,24.42,22.0,0.0,0.0
106.91072003046492,24.42,48.0,0.0,0.0
106.99032592773257,35.0,335.0,4.0,0.0
107.06993182500022,24.42,22.0,0.0,0.0
107.14953772226788,24.42,48.0,0.0,0.0
107.22914361953553,35.0,335.0,4.0,0.0
107.30874951680319,24.42,22.0,0.0,0.0
107.38835541407084,24.42,48.0,0.0,0.0
107.4679613113385,35.0,335.0,4.0,0.0
107.54756720860615,24.42,22.0,0.0,0.0
107.62717310587381,24.42,48.0,0.0,0.0
107.70677900314146,35.0,335.0,4.0,0.0
107.78638490040912,24.42,22.0,0.0,0.0
107.86599079767677,24.42,48.0,0.0,0.0
107.94559669494443,35.0,335.0,4.0,0.0
108.02520259221208,24.42,22.0,0.0,0.0
108.10480848947974,24.42,48.0,0.0,0.0
108.18441438674739,35.0,335.0,4.0,0.0
108.26402028401505,24.42,22.0,0.0,0.0
108.3436261812827,24.42,48.0,0.0,0.0
108.42323207855036,35.0,335.0,4.0,0.0
108.50283797581801,24.42,22.0,0.0,0.0
108.58244387308567,24.42,48.0,0.0,0.0
108.66204977035332,35.0,335.0,4.0,0.0
108.74165566762098,24.42,22.0,0.0,0.0
108.82126156488863,24.42,48.0,0.0,0.0
108.90086746215628,35.0,335.0,4.0,0.0
108.98047335942394,24.42,22.0,0.0,0.0
109.0600792566916,24.42,48.0,0.0,0.0
109.13968515395925,35.0,335.0,4.0,0.0
109.2192910512269,24.42,22.0,0.0,0.0
109.29889694849456,24.42,48.0,0.0,0.0
109.37850284576221,35.0,335.0,4.0,0.0
109.45810874302987,24.42,22.0,0.0,0.0
109.53771464029752,24.42,48.0,0.0,0.0
109.61732053756518,35.0,335.0,4.0,0.0
109.69692643483283,24.42,22.0,0.0,0.0
109.77653233210049,24.42,48.0,0.0,0.0
109.85613822936814,35.0,335.0,4.0,0.0
109.9357441266358,24.42,22.0,0.0,0.0
110.01535002390345,24.42,48.0,0.0,0.0
110.0949559211711,35.0,335.0,4.0,0.0
110.17456181843876,24.42,22.0,0.0,0.0
110.25416771570642,24.42,48.0,0.0,0.0
110.33377361297407,35.0,335.0,4.0,0.0
110.41337951024173,24.42,22.0,0.0,0.0
110.49298540750938,24.42,48.0,0.0,0.0
110.57259130477703,35.0,335.0,4.0,0.0
110.65219720204469,24.42,22.0,0.0,0.0
110.73180309931234,24.42,48.0,0.0,0.0
110.81140899658,35.0,335.0,4.0,0.0
110.89101489384765,24.42,22.0,0.0,0.0
110.97062079111531,24.42,48.0,0.0,0.0
111.05022668838296,35.0,335.0,4.0,0.0
111.12983258565062,24.42,22.0,0.0,0.0
111.20943848291827,24.42,48.0,0.0,0.0
111.28904438018593,35.0,335.0,4.0,0.0
111.36865027745358,24.42,22.0,0.0,0.0
111.44825617472124,24.42,48.0,0.0,0.0
111.52786207198889,35.0,335.0,4.0,0.0
111.60746796925655,24.42,22.0,0.0,0.0
111.6870738665242,24.42,48.0,0.0,0.0
111.76667976379186,35.0,335.0,4.0,0.0
111.84628566105951,24.42,22.0,0.0,0.0
111.92589155832717,24.42,48.0,0.0,0.0
112.00549745559482,35.0,335.0,4.0,0.0
112.08510335286248,24.42,22.0,0.0,0.0
112.16470925013013,24.42,48.0,0.0,0.0
112.24431514739778,35.0,335.0,4.0,0.0
112.32392104466544,24.42,22.0,0.0,0.0
112.4035269419331,24.42,48.0,0.0,0.0
112.48313283920075,35.0,335.0,4.0,0.0
112.5627387364684,24.42,22.0,0.0,0.0
112.64234463373606,24.42,48.0,0.0,0.0
112.72195053100371,35.0,335.0,4.0,0.0
112.80155642827137,24.42,22.0,0.0,0.0
112.88116232553902,24.42,48.0,0.0,0.0
112.96076822280668,35.0,335.0,4.0,0.0
113.04037412007433,24.42,22.0,0.0,0.0
113.11998001734199,24.42,48.0,0.0,0.0
113.19958591460964,35.0,335.0,4.0,0.0
113.2791918118773,24.42,22.0,0.0,0.0
113.35879770914495,24.42,48.0,0.0,0.0
113.4384036064126,35.0,335.0,4.0,0.0
113.51800950368026,24.42,22.0,0.0,0.0
113.59761540094792,24.42,48.0,0.0,0.0
113.67722129821557,35.0,335.0,4.0,0.0
113.75682719548323,24.42,22.0,0.0,0.0
113.83643309275088,24.42,48.0,0.0,0.0
113.91603899001854,35.0,335.0,4.0,0.0
113.99564488728619,24.42,22.0,0.0,0.0
114.07525078455384,24.42,48.0,0.0,0.0
114.1548566818215,35.0,335.0,4.0,0.0
114.23446257908915,24.42,22.0,0.0,0.0
114.31406847635681,24.42,48.0,0.0,0.0
114.39367437362446,35.0,335.0,4.0,0.0
114.47328027089212,24.42,22.0,0.0,0.0
114.55288616815977,24.42,48.0,0.0,0.0
114.63249206542743,35.0,335.0,4.0,0.0
114.71209796269508,24.42,22.0,0.0,0.0
114.79170385996274,24.42,48.0,0.0,0.0
114.87130975723039,35.0,335.0,4.0,0.0
114.95091565449805,24.42,22.0,0.0,0.0
115.0305215517657,24.42,48.0,0.0,0.0
115.11012744903336,35.0,335.0,4.0,0.0
115.18973334630101,24.42,22.0,0.0,0.0
115.26933924356867,24.42,48.0,0.0,0.0
115.34894514083632,35.0,335.0,4.0,0.0
115.42855103810398,24.42,22.0,0.0,0.0
115.50815693537163,24.42,48.0,0.0,0.0
115.58776283263929,35.0,335.0,4.0,0.0
115.66736872990694,24.42,22.0,0.0,0.0
115.7469746271746,24.42,48.0,0.0,0.0
115.82658052444225,35.0,335.0,4.0,0.0
115.9061864217099,24.42,22.0,0.0,0.0
115.98579231897756,24.42,48.0,0.0,0.0
116.06539821624521,35.0,335.0,4.0,0.0
116.14500411351287,24.42,22.0,0.0,0.0
116.22461001078052,24.42,48.0,0.0,0.0
116.30421590804818,35.0,335.0,4.0,0.0
116.38382180531583,24.42,22.0,0.0,0.0
116.46342770258349,24.42,48.0,0.0,0.0
116.54303359985114,35.0,335.0,4.0,0.0
116.6226394971188,24.42,22.0,0.0,0.0
116.70224539438645,24.42,48.0,0.0,0.0
116.7818512916541,35.0,335.0,4.0,0.0
116.86145718892176,24.42,22.0,0.0,0.0
116.94106308618942,24.42,48.0,0.0,0.0
117.02066898345707,35.0,335.0,4.0,0.0
117.10027488072473,24.42,22.0,0.0,0.0
117.17988077799238,24.42,48.0,0.0,0.0
117.25948667526004,35.0,335.0,4.0,0.0
117.33909257252769,24.42,22.0,0.0,0.0
117.41869846979534,24.42,48.0,0.0,0.0
117.498304367063,35.0,335.0,4.0,0.0
117.57791026433065,24.42,22.0,0.0,0.0
117.65751616159831,24.42,48.0,0.0,0.0
117.73712205886596,35.0,335.0,4.0,0.0
117.81672795613362,24.42,22.0,0.0,0.0
117.89633385340127,24.42,48.0,0.0,0.0
117.97593975066893,35.0,335.0,4.0,0.0
118.05554564793658,24.42,22.0,0.0,0.0
118.13515154520424,24.42,48.0,0.0,0.0
118.21475744247189,35.0,335.0,4.0,0.0
118.29436333973955,24.42,22.0,0.0,0.0
118.3739692370072,24.42,48.0,0.0,0.0
118.45357513427486,35.0,335.0,4.0,0.0
118.53318103154251,24.42,22.0,0.0,0.0
118.61278692881017,24.42,48.0,0.0,0.0
118.69239282607782,35.0,335.0,4.0,0.0
118.77199872334548,24.42,22.0,0.0,0.0
118.85160462061313,24.42,48.0,0.0,0.0
118.93121051788079,35.0,335.0,4.0,0.0
119.01081641514844,24.42,22.0,0.0,0.0
119.0904223124161,24.42,48.0,0.0,0.0
119.17002820968375,35.0,335.0,4.0,0.0
119.2496341069514,24.42,22.0,0.0,0.0
119.32924000421906,24.42,48.0,0.0,0.0
119.40884590148671,35.0,335.0,4.0,0.0
119.48845179875437,24.42,22.0,0.0,0.0
119.56805769602202,24.42,48.0,0.0,0.0
119.64766359328968,35.0,335.0,4.0,0.0
119.72726949055733,24.42,22.0,0.0,0.0
119.80687538782499,24.42,48.0,0.0,0.0
119.88648128509264,35.0,335.0,4.0,0.0
119.9660871823603,24.42,22.0,0.0,0.0
120.04569307962795,24.42,48.0,0.0,0.0
120.1252989768956,35.0,335.0,4.0,0.0
120.20490487416326,24.42,22.0,0.0,0.0
120.28451077143092,24.42,48.0,0.0,0.0
120.36411666869857,35.0,335.0,4.0,0.0
120.44372256596623,24.42,22.0,0.0,0.0
120.52332846323388,24.42,48.0,0.0,0.0
120.60293436050154,35.0,335.0,4.0,0.0
120.68254025776919,24.42,22.0,0.0,0.0
120.76214615503685,24.42,48.0,0.0,0.0
120.8417520523045,35.0,335.0,4.0,0.0
120.92135794957215,24.42,22.0,0.0,0.0
121.00096384683981,24.42,48.0,0.0,0.0
121.08056974410746,35.0,335.0,4.0,0.0
121.16017564137512,24.42,22.0,0.0,0.0
121.23978153864277,24.42,48.0,0.0,0.0
121.31938743591043,35.0,335.0,4.0,0.0
121.39899333317808,24.42,22.0,0.0,0.0
121.47859923044574,24.42,48.0,0.0,0.0
121.55820512771339,35.0,335.0,4.0,0.0
121.63781102498105,24.42,22.0,0.0,0.0
121.7174169222487,24.42,48.0,0.0,0.0
121.79702281951636,35.0,335.0,4.0,0.0
121.87662871678401,24.42,22.0,0.0,0.0
121.95623461405167,24.42,48.0,0.0,0.0
122.03584051131932,35.0,335.0,4.0,0.0
122.11544640858698,24.42,22.0,0.0,0.0
122.19505230585463,24.42,48.0,0.0,0.0
122.27465820312229,35.0,335.0,4.0,0.0
122.35426410038994,24.42,22.0,0.0,0.0
122.4338699976576,24.42,48.0,0.0,0.0
122.51347589492525,35.0,335.0,4.0,0.0
122.5930817921929,24.42,22.0,0.0,0.0
122.67268768946056,24.42,48.0,0.0,0.0
122.75229358672821,35.0,335.0,4.0,0.0
122.83189948399587,24.42,22.0,0.0,0.0
122.91150538126352,24.42,48.0,0.0,0.0
122.99111127853118,35.0,335.0,4.0,0.0
123.07071717579883,24.42,22.0,0.0,0.0
123.15032307306649,24.42,48.0,0.0,0.0
123.22992897033414,35.0,335.0,4.0,0.0
123.3095348676018,24.42,22.0,0.0,0.0
123.38914076486945,24.42,48.0,0.0,0.0
123.46874666213711,35.0,335.0,4.0,0.0
123.54835255940476,24.42,22.0,0.0,0.0
123.62795845667242,24.42,48.0,0.0,0.0
123.70756435394007,35.0,335.0,4.0,0.0
123.78717025120773,24.42,22.0,0.0,0.0
123.86677614847538,24.42,48.0,0.0,0.0
123.94638204574304,35.0,335.0,4.0,0.0
124.02598794301069,24.42,22.0,0.0,0.0
124.10559384027835,24.42,48.0,0.0,0.0
124.185199737546,35.0,335.0,4.0,0.0
124.26480563481365,24.42,22.0,0.0,0.0
124.34441153208131,24.42,48.0,0.0,0.0
124.42401742934896,35.0,335.0,4.0,0.0
124.50362332661662,24.42,22.0,0.0,0.0
124.58322922388427,24.42,48.0,0.0,0.0
124.66283512115193,35.0,335.0,4.0,0.0
124.74244101841958,24.42,22.0,0.0,0.0
124.82204691568724,24.42,48.0,0.0,0.0
124.9016528129549,35.0,335.0,4.0,0.0
124.98125871022255,24.42,22.0,0.0,0.0
125.0608646074902,24.42,48.0,0.0,0.0
125.14047050475786,35.0,335.0,4.0,0.0
125.22007640202551,24.42,22.0,0.0,0.0
125.29968229929317,24.42,48.0,0.0,0.0
125.37928819656082,35.0,335.0,4.0,0.0
125.45889409382848,24.42,22.0,0.0,0.0
125.53849999109613,24.42,48.0,0.0,0.0
125.61810588836379,35.0,335.0,4.0,0.0
125.69771178563144,24.42,22.0,0.0,0.0
125.7773176828991,24.42,48.0,0.0,0.0
125.85692358016675,35.0,335.0,4.0,0.0
125.9365294774344,24.42,22.0,0.0,0.0
126.01613537470206,24.42,48.0,0.0,0.0
126.09574127196971,35.0,335.0,4.0,0.0
126.17534716923737,24.42,22.0,0.0,0.0
126.25495306650502,24.42,48.0,0.0,0.0
126.33455896377268,35.0,335.0,4.0,0.0
126.41416486104033,24.42,22.0,0.0,0.0
126.49377075830799,24.42,48.0,0.0,0.0
126.57337665557564,35.0,335.0,4.0,0.0
126.6529825528433,24.42,22.0,0.0,0.0
126.73258845011095,24.42,48.0,0.0,0.0
126.81219434737861,35.0,335.0,4.0,0.0
126.89180024464626,24.42,22.0,0.0,0.0
126.97140614191392,24.42,48.0,0.0,0.0
127.05101203918157,35.0,335.0,4.0,0.0
127.13061793644923,24.42,22.0,0.0,0.0
127.21022383371688,24.42,48.0,0.0,0.0
127.28982973098454,35.0,335.0,4.0,0.0
127.36943562825219,24.42,22.0,0.0,0.0
127.44904152551985,24.42,48.0,0.0,0.0
127.5286474227875,35.0,335.0,4.0,0.0
127.60825332005516,24.42,22.0,0.0,0.0
127.68785921732281,24.42,48.0,0.0,0.0
127.76746511459046,35.0,335.0,4.0,0.0
127.84707101185812,24.42,22.0,0.0,0.0
127.92667690912577,24.42,48.0,0.0,0.0
128.00628280639344,35.0,335.0,4.0,0.0
128.0858887036611,24.42,22.0,0.0,0.0
128.16549460092878,24.42,48.0,0.0,0.0
128.24510049819645,35.0,335.0,4.0,0.0
128.32470639546412,24.42,22.0,0.0,0.0
128.4043122927318,24.42,48.0,0.0,0.0
128.48391818999946,35.0,335.0,4.0,0.0
128.56352408726713,24.42,22.0,0.0,0.0
128.6431299845348,24.42,48.0,0.0,0.0
128.72273588180246,35.0,335.0,4.0,0.0
128.80234177907013,24.42,22.0,0.0,0.0
128.8819476763378,24.42,48.0,0.0,0.0
128.96155357360547,35.0,335.0,4.0,0.0
129.04115947087314,24.42,22.0,0.0,0.0
129.1207653681408,24.42,48.0,0.0,0.0
129.20037126540848,35.0,335.0,4.0,0.0
129.27997716267615,24.42,22.0,0.0,0.0
129.35958305994382,24.42,48.0,0.0,0.0
129.43918895721148,35.0,335.0,4.0,0.0
129.51879485447915,24.42,22.0,0.0,0.0
129.59840075174682,24.42,48.0,0.0,0.0
129.6780066490145,35.0,335.0,4.0,0.0
129.75761254628216,24.42,22.0,0.0,0.0
129.83721844354983,24.42,48.0,0.0,0.0
129.9168243408175,35.0,335.0,4.0,0.0
129.99643023808517,24.42,22.0,0.0,0.0
130.07603613535284,24.42,48.0,0.0,0.0
130.1556420326205,35.0,335.0,4.0,0.0
130.23524792988817,24.42,22.0,0.0,0.0
130.31485382715584,24.42,48.0,0.0,0.0
130.3944597244235,35.0,335.0,4.0,0.0
130.47406562169118,24.42,22.0,0.0,0.0
130.55367151895885,24.42,48.0,0.0,0.0
130.63327741622652,35.0,335.0,4.0,0.0
130.7128833134942,24.42,22.0,0.0,0.0
130.79248921076186,24.42,48.0,0.0,0.0
130.87209510802953,35.0,335.0,4.0,0.0
130.9517010052972,24.42,22.0,0.0,0.0
131.03130690256486,24.42,48.0,0.0,0.0
131.11091279983253,35.0,335.0,4.0,0.0
131.1905186971002,24.42,22.0,0.0,0.0
131.27012459436787,24.42,48.0,0.0,0.0
131.34973049163554,35.0,335.0,4.0,0.0
131.4293363889032,24.42,22.0,0.0,0.0
131.50894228617088,24.42,48.0,0.0,0.0
131.58854818343855,35.0,335.0,4.0,0.0
131.66815408070622,24.42,22.0,0.0,0.0
131.74775997797389,24.42,48.0,0.0,0.0
131.82736587524155,35.0,335.0,4.0,0.0
131.90697177250922,24.42,22.0,0.0,0.0
131.9865776697769,24.42,48.0,0.0,0.0
132.06618356704456,35.0,335.0,4.0,0.0
132.14578946431223,24.42,22.0,0.0,0.0
132.2253953615799,24.42,48.0,0.0,0.0
132.30500125884757,35.0,335.0,4.0,0.0
132.38460715611524,24.42,22.0,0.0,0.0
132.4642130533829,24.42,48.0,0.0,0.0
132.54381895065058,35.0,335.0,4.0,0.0
132.62342484791824,24.42,22.0,0.0,0.0
132.7030307451859,24.42,48.0,0.0,0.0
132.78263664245358,35.0,335.0,4.0,0.0
132.86224253972125,24.42,22.0,0.0,0.0
132.94184843698892,24.42,48.0,0.0,0.0
133.0214543342566,35.0,335.0,4.0,0.0
133.10106023152426,24.42,22.0,0.0,0.0
133.18066612879193,24.42,48.0,0.0,0.0
133.2602720260596,35.0,335.0,4.0,0.0
133.33987792332726,24.42,22.0,0.0,0.0
133.41948382059493,24.42,48.0,0.0,0.0
133.4990897178626,35.0,335.0,4.0,0.0
133.57869561513027,24.42,22.0,0.0,0.0
133.65830151239794,24.42,48.0,0.0,0.0
133.7379074096656,35.0,335.0,4.0,0.0
133.81751330693328,24.42,22.0,0.0,0.0
133.89711920420095,24.42,48.0,0.0,0.0
133.97672510146862,35.0,335.0,4.0,0.0
134.05633099873629,24.42,22.0,0.0,0.0
134.13593689600395,24.42,48.0,0.0,0.0
134.21554279327162,35.0,335.0,4.0,0.0
134.2951486905393,24.42,22.0,0.0,0.0
134.37475458780696,24.42,48.0,0.0,0.0
134.45436048507463,35.0,335.0,4.0,0.0
134.5339663823423,24.42,22.0,0.0,0.0
134.61357227960997,24.42,48.0,0.0,0.0
134.69317817687764,35.0,335.0,4.0,0.0
134.7727840741453,24.42,22.0,0.0,0.0
134.85238997141298,24.42,48.0,0.0,0.0
134.93199586868064,35.0,335.0,4.0,0.0
135.0116017659483,24.42,22.0,0.0,0.0
135.09120766321598,24.42,48.0,0.0,0.0
135.17081356048365,35.0,335.0,4.0,0.0
135.25041945775132,24.42,22.0,0.0,0.0
135.330025355019,24.42,48.0,0.0,0.0
135.40963125228666,35.0,335.0,4.0,0.0
135.48923714955433,24.42,22.0,0.0,0.0
135.568843046822,24.42,48.0,0.0,0.0
135.64844894408967,35.0,335.0,4.0,0.0
135.72805484135733,24.42,22.0,0.0,0.0
135.807660738625,24.42,48.0,0.0,0.0
135.88726663589267,35.0,335.0,4.0,0.0
135.96687253316034,24.42,22.0,0.0,0.0
136.046478430428,24.42,48.0,0.0,0.0
136.12608432769568,35.0,335.0,4.0,0.0
136.20569022496335,24.42,22.0,0.0,0.0
136.28529612223102,24.42,48.0,0.0,0.0
136.3649020194987,35.0,335.0,4.0,0.0
136.44450791676636,24.42,22.0,0.0,0.0
136.52411381403402,24.42,48.0,0.0,0.0
136.6037197113017,35.0,335.0,4.0,0.0
136.68332560856936,24.42,22.0,0.0,0.0
136.76293150583703,24.42,48.0,0.0,0.0
136.8425374031047,35.0,335.0,4.0,0.0
136.92214330037237,24.42,22.0,0.0,0.0
137.00174919764004,24.42,48.0,0.0,0.0
137.0813550949077,35.0,335.0,4.0,0.0
137.16096099217538,24.42,22.0,0.0,0.0
137.24056688944304,24.42,48.0,0.0,0.0
137.3201727867107,35.0,335.0,4.0,0.0
137.39977868397838,24.42,22.0,0.0,0.0
137.47938458124605,24.42,48.0,0.0,0.0
137.55899047851372,35.0,335.0,4.0,0.0
137.6385963757814,24.42,22.0,0.0,0.0
137.71820227304906,24.42,48.0,0.0,0.0
137.79780817031673,35.0,335.0,4.0,0.0
137.8774140675844,24.42,22.0,0.0,0.0
137.95701996485207,24.42,48.0,0.0,0.0
138.03662586211973,35.0,335.0,4.0,0.0
138.1162317593874,24.42,22.0,0.0,0.0
138.19583765665507,24.42,48.0,0.0,0.0
138.27544355392274,35.0,335.0,4.0,0.0
138.3550494511904,24.42,22.0,0.0,0.0
138.43465534845808,24.42,48.0,0.0,0.0
138.51426124572575,35.0,335.0,4.0,0.0
138.59386714299342,24.42,22.0,0.0,0.0
138.6734730402611,24.42,48.0,0.0,0.0
138.75307893752876,35.0,335.0,4.0,0.0
138.83268483479642,24.42,22.0,0.0,0.0
138.9122907320641,24.42,48.0,0.0,0.0
138.99189662933176,35.0,335.0,4.0,0.0
139.07150252659943,24.42,22.0,0.0,0.0
139.1511084238671,24.42,48.0,0.0,0.0
139.23071432113477,35.0,335.0,4.0,0.0
139.31032021840244,24.42,22.0,0.0,0.0
139.3899261156701,24.42,48.0,0.0,0.0
139.46953201293778,35.0,335.0,4.0,0.0
139.54913791020545,24.42,22.0,0.0,0.0
139.6287438074731,24.42,48.0,0.0,0.0
139.70834970474078,35.0,335.0,4.0,0.0
139.78795560200845,24.42,22.0,0.0,0.0
139.86756149927612,24.42,48.0,0.0,0.0
139.9471673965438,35.0,335.0,4.0,0.0
140.02677329381146,24.42,22.0,0.0,0.0
140.10637919107913,24.42,48.0,0.0,0.0
140.1859850883468,35.0,335.0,4.0,0.0
140.26559098561447,24.42,22.0,0.0,0.0
140.34519688288214,24.42,48.0,0.0,0.0
140.4248027801498,35.0,335.0,4.0,0.0
140.50440867741747,24.42,22.0,0.0,0.0
140.58401457468514,24.42,48.0,0.0,0.0
140.6636204719528,35.0,335.0,4.0,0.0
140.74322636922048,24.42,22.0,0.0,0.0
140.82283226648815,24.42,48.0,0.0,0.0
140.90243816375582,35.0,335.0,4.0,0.0
140.9820440610235,24.42,22.0,0.0,0.0
141.06164995829116,24.42,48.0,0.0,0.0
141.14125585555882,35.0,335.0,4.0,0.0
141.2208617528265,24.42,22.0,0.0,0.0
141.30046765009416,24.42,48.0,0.0,0.0
141.38007354736183,35.0,335.0,4.0,0.0
141.4596794446295,24.42,22.0,0.0,0.0
141.53928534189717,24.42,48.0,0.0,0.0
141.61889123916484,35.0,335.0,4.0,0.0
141.6984971364325,24.42,22.0,0.0,0.0
141.77810303370018,24.42,48.0,0.0,0.0
141.85770893096785,35.0,335.0,4.0,0.0
141.93731482823551,24.42,22.0,0.0,0.0
142.01692072550318,24.42,48.0,0.0,0.0
142.09652662277085,35.0,335.0,4.0,0.0
142.17613252003852,24.42,22.0,0.0,0.0
142.2557384173062,24.42,48.0,0.0,0.0
142.33534431457386,35.0,335.0,4.0,0.0
142.41495021184153,24.42,22.0,0.0,0.0
142.4945561091092,24.42,48.0,0.0,0.0
142.57416200637687,35.0,335.0,4.0,0.0
142.65376790364454,24.42,22.0,0.0,0.0
142.7333738009122,24.42,48.0,0.0,0.0
142.81297969817987,35.0,335.0,4.0,0.0
142.89258559544754,24.42,22.0,0.0,0.0
142.9721914927152,24.42,48.0,0.0,0.0
143.05179738998288,35.0,335.0,4.0,0.0
143.13140328725055,24.42,22.0,0.0,0.0
143.21100918451822,24.42,48.0,0.0,0.0
143.2906150817859,35.0,335.0,4.0,0.0
143.37022097905356,24.42,22.0,0.0,0.0
143.44982687632123,24.42,48.0,0.0,0.0
143.5294327735889,35.0,335.0,4.0,0.0
143.60903867085656,24.42,22.0,0.0,0.0
143.68864456812423,24.42,48.0,0.0,0.0
143.7682504653919,35.0,335.0,4.0,0.0
143.84785636265957,24.42,22.0,0.0,0.0
143.92746225992724,24.42,48.0,0.0,0.0
144.0070681571949,35.0,335.0,4.0,0.0
144.08667405446258,24.42,22.0,0.0,0.0
144.16627995173025,24.42,48.0,0.0,0.0
144.24588584899791,35.0,335.0,4.0,0.0
144.32549174626558,24.42,22.0,0.0,0.0
144.40509764353325,24.42,48.0,0.0,0.0
144.48470354080092,35.0,335.0,4.0,0.0
144.5643094380686,24.42,22.0,0.0,0.0
144.64391533533626,24.42,48.0,0.0,0.0
144.72352123260393,35.0,335.0,4.0,0.0
144.8031271298716,24.42,22.0,0.0,0.0
144.88273302713927,24.42,48.0,0.0,0.0
144.96233892440694,35.0,335.0,4.0,0.0
145.0419448216746,24.42,22.0,0.0,0.0
145.12155071894227,24.42,48.0,0.0,0.0
145.20115661620994,35.0,335.0,4.0,0.0
145.2807625134776,24.42,22.0,0.0,0.0
145.36036841074528,24.42,48.0,0.0,0.0
145.43997430801295,35.0,335.0,4.0,0.0
145.51958020528062,24.42,22.0,0.0,0.0
145.5991861025483,24.42,48.0,0.0,0.0
145.67879199981596,35.0,335.0,4.0,0.0
145.75839789708363,24.42,22.0,0.0,0.0
145.8380037943513,24.42,48.0,0.0,0.0
145.91760969161896,35.0,335.0,4.0,0.0
145.99721558888663,24.42,22.0,0.0,0.0
146.0768214861543,24.42,48.0,0.0,0.0
146.15642738342197,35.0,335.0,4.0,0.0
146.23603328068964,24.42,22.0,0.0,0.0
146.3156391779573,24.42,48.0,0.0,0.0
146.39524507522498,35.0,335.0,4.0,0.0
146.47485097249265,24.42,22.0,0.0,0.0
146.55445686976032,24.42,48.0,0.0,0.0
146.63406276702798,35.0,335.0,4.0,0.0
146.71366866429565,24.42,22.0,0.0,0.0
146.79327456156332,24.42,48.0,0.0,0.0
146.872880458831,35.0,335.0,4.0,0.0
146.95248635609866,24.42,22.0,0.0,0.0
147.03209225336633,24.42,48.0,0.0,0.0
147.111698150634,35.0,335.0,4.0,0.0
147.19130404790167,24.42,22.0,0.0,0.0
147.27090994516934,24.42,48.0,0.0,0.0
147.350515842437,35.0,335.0,4.0,0.0
147.43012173970467,24.42,22.0,0.0,0.0
147.50972763697234,24.42,48.0,0.0,0.0
147.58933353424,35.0,335.0,4.0,0.0
147.66893943150768,24.42,22.0,0.0,0.0
147.74854532877535,24.42,48.0,0.0,0.0
147.82815122604302,35.0,335.0,4.0,0.0
147.9077571233107,24.42,22.0,0.0,0.0
147.98736302057836,24.42,48.0,0.0,0.0
148.06696891784603,35.0,335.0,4.0,0.0
148.1465748151137,24.42,22.0,0.0,0.0
148.22618071238136,24.42,48.0,0.0,0.0
148.30578660964903,35.0,335.0,4.0,0.0
148.3853925069167,24.42,22.0,0.0,0.0
148.46499840418437,24.42,48.0,0.0,0.0
148.54460430145204,35.0,335.0,4.0,0.0
148.6242101987197,24.42,22.0,0.0,0.0
148.70381609598738,24.42,48.0,0.0,0.0
148.78342199325505,35.0,335.0,4.0,0.0
148.86302789052272,24.42,22.0,0.0,0.0
148.94263378779038,24.42,48.0,0.0,0.0
149.02223968505805,35.0,335.0,4.0,0.0
149.10184558232572,24.42,22.0,0.0,0.0
149.1814514795934,24.42,48.0,0.0,0.0
149.26105737686106,35.0,335.0,4.0,0.0
149.34066327412873,24.42,22.0,0.0,0.0
149.4202691713964,24.42,48.0,0.0,0.0
149.49987506866407,35.0,335.0,4.0,0.0
149.57948096593174,24.42,22.0,0.0,0.0
149.6590868631994,24.42,48.0,0.0,0.0
149.73869276046707,35.0,335.0,4.0,0.0
149.81829865773474,24.42,22.0,0.0,0.0
149.8979045550024,24.42,48.0,0.0,0.0
149.97751045227008,35.0,335.0,4.0,0.0
150.05711634953775,24.42,22.0,0.0,0.0
150.13672224680542,24.42,48.0,0.0,0.0
150.2163281440731,35.0,335.0,4.0,0.0
150.29593404134076,24.42,22.0,0.0,0.0
150.37553993860843,24.42,48.0,0.0,0.0
150.4551458358761,35.0,335.0,4.0,0.0
150.53475173314376,24.42,22.0,0.0,0.0
150.61435763041143,24.42,48.0,0.0,0.0
150.6939635276791,35.0,335.0,4.0,0.0
150.77356942494677,24.42,22.0,0.0,0.0
150.85317532221444,24.42,48.0,0.0,0.0
150.9327812194821,35.0,335.0,4.0,0.0
151.01238711674978,24.42,22.0,0.0,0.0
151.09199301401745,24.42,48.0,0.0,0.0
151.17159891128512,35.0,335.0,4.0,0.0
151.25120480855279,24.42,22.0,0.0,0.0
151.33081070582045,24.42,48.0,0.0,0.0
151.41041660308812,35.0,335.0,4.0,0.0
151.4900225003558,24.42,22.0,0.0,0.0
151.56962839762346,24.42,48.0,0.0,0.0
151.64923429489113,35.0,335.0,4.0,0.0
151.7288401921588,24.42,22.0,0.0,0.0
151.80844608942647,24.42,48.0,0.0,0.0
151.88805198669414,35.0,335.0,4.0,0.0
151.9676578839618,24.42,22.0,0.0,0.0
152.04726378122947,24.42,48.0,0.0,0.0
152.12686967849714,35.0,335.0,4.0,0.0
152.2064755757648,24.42,22.0,0.0,0.0
152.28608147303248,24.42,48.0,0.0,0.0
152.36568737030015,35.0,335.0,4.0,0.0
152.44529326756782,24.42,22.0,0.0,0.0
152.5248991648355,24.42,48.0,0.0,0.0
152.60450506210316,35.0,335.0,4.0,0.0
152.68411095937083,24.42,22.0,0.0,0.0
152.7637168566385,24.42,48.0,0.0,0.0
152.84332275390616,35.0,335.0,4.0,0.0
152.92292865117383,24.42,22.0,0.0,0.0
153.0025345484415,24.42,48.0,0.0,0.0
153.08214044570917,35.0,335.0,4.0,0.0
153.16174634297684,24.42,22.0,0.0,0.0
153.2413522402445,24.42,48.0,0.0,0.0
153.32095813751218,35.0,335.0,4.0,0.0
153.40056403477985,24.42,22.0,0.0,0.0
153.48016993204752,24.42,48.0,0.0,0.0
153.55977582931519,35.0,335.0,4.0,0.0
153.63938172658285,24.42,22.0,0.0,0.0
153.71898762385052,24.42,48.0,0.0,0.0
153.7985935211182,35.0,335.0,4.0,0.0
153.87819941838586,24.42,22.0,0.0,0.0
153.95780531565353,24.42,48.0,0.0,0.0
154.0374112129212,35.0,335.0,4.0,0.0
154.11701711018887,24.42,22.0,0.0,0.0
154.19662300745654,24.42,48.0,0.0,0.0
154.2762289047242,35.0,335.0,4.0,0.0
154.35583480199188,24.42,22.0,0.0,0.0
154.43544069925954,24.42,48.0,0.0,0.0
154.5150465965272,35.0,335.0,4.0,0.0
154.59465249379488,24.42,22.0,0.0,0.0
154.67425839106255,24.42,48.0,0.0,0.0
154.75386428833022,35.0,335.0,4.0,0.0
154.8334701855979,24.42,22.0,0.0,0.0
154.91307608286556,24.42,48.0,0.0,0.0
154.99268198013323,35.0,335.0,4.0,0.0
155.0722878774009,24.42,22.0,0.0,0.0
155.15189377466857,24.42,48.0,0.0,0.0
155.23149967193623,35.0,335.0,4.0,0.0
155.3111055692039,24.42,22.0,0.0,0.0
155.39071146647157,24.42,48.0,0.0,0.0
155.47031736373924,35.0,335.0,4.0,0.0
155.5499232610069,24.42,22.0,0.0,0.0
155.62952915827458,24.42,48.0,0.0,0.0
155.70913505554225,35.0,335.0,4.0,0.0
155.78874095280992,24.42,22.0,0.0,0.0
155.8683468500776,24.42,48.0,0.0,0.0
155.94795274734525,35.0,335.0,4.0,0.0
156.02755864461292,24.42,22.0,0.0,0.0
156.1071645418806,24.42,48.0,0.0,0.0
156.18677043914826,35.0,335.0,4.0,0.0
156.26637633641593,24.42,22.0,0.0,0.0
156.3459822336836,24.42,48.0,0.0,0.0
156.42558813095127,35.0,335.0,4.0,0.0
156.50519402821894,24.42,22.0,0.0,0.0
156.5847999254866,24.42,48.0,0.0,0.0
156.66440582275428,35.0,335.0,4.0,0.0
156.74401172002194,24.42,22.0,0.0,0.0
156.8236176172896,24.42,48.0,0.0,0.0
156.90322351455728,35.0,335.0,4.0,0.0
156.98282941182495,24.42,22.0,0.0,0.0
157.06243530909262,24.42,48.0,0.0,0.0
157.1420412063603,35.0,335.0,4.0,0.0
157.22164710362796,24.42,22.0,0.0,0.0
157.30125300089563,24.42,48.0,0.0,0.0
157.3808588981633,35.0,335.0,4.0,0.0
157.46046479543097,24.42,22.0,0.0,0.0
157.54007069269863,24.42,48.0,0.0,0.0
157.6196765899663,35.0,335.0,4.0,0.0
157.69928248723397,24.42,22.0,0.0,0.0
157.77888838450164,24.42,48.0,0.0,0.0
157.8584942817693,35.0,335.0,4.0,0.0
157.93810017903698,24.42,22.0,0.0,0.0
158.01770607630465,24.42,48.0,0.0,0.0
158.09731197357232,35.0,335.0,4.0,0.0
158.17691787084,24.42,22.0,0.0,0.0
158.25652376810766,24.42,48.0,0.0,0.0
158.33612966537532,35.0,335.0,4.0,0.0
158.415735562643,24.42,22.0,0.0,0.0
158.49534145991066,24.42,48.0,0.0,0.0
158.57494735717833,35.0,335.0,4.0,0.0
158.654553254446,24.42,22.0,0.0,0.0
158.73415915171367,24.42,48.0,0.0,0.0
158.81376504898134,35.0,335.0,4.0,0.0
158.893370946249,24.42,22.0,0.0,0.0
158.97297684351668,24.42,48.0,0.0,0.0
159.05258274078435,35.0,335.0,4.0,0.0
159.132188638052,24.42,22.0,0.0,0.0
159.21179453531968,24.42,48.0,0.0,0.0
159.29140043258735,35.0,335.0,4.0,0.0
159.37100632985502,24.42,22.0,0.0,0.0
159.4506122271227,24.42,48.0,0.0,0.0
159.53021812439036,35.0,335.0,4.0,0.0
159.60982402165803,24.42,22.0,0.0,0.0
159.6894299189257,24.42,48.0,0.0,0.0
159.76903581619337,35.0,335.0,4.0,0.0
159.84864171346103,24.42,22.0,0.0,0.0
159.9282476107287,24.42,48.0,0.0,0.0
160.00785350799637,35.0,335.0,4.0,0.0
160.08745940526404,24.42,22.0,0.0,0.0
160.1670653025317,24.42,48.0,0.0,0.0
160.24667119979938,35.0,335.0,4.0,0.0
160.32627709706705,24.42,22.0,0.0,0.0
160.40588299433472,24.42,48.0,0.0,0.0
160.4854888916024,35.0,335.0,4.0,0.0
160.56509478887006,24.42,22.0,0.0,0.0
160.64470068613772,24.42,48.0,0.0,0.0
160.7243065834054,35.0,335.0,4.0,0.0
160.80391248067306,24.42,22.0,0.0,0.0
160.88351837794073,24.42,48.0,0.0,0.0
160.9631242752084,35.0,335.0,4.0,0.0
161.04273017247607,24.42,22.0,0.0,0.0
161.12233606974374,24.42,48.0,0.0,0.0
161.2019419670114,35.0,335.0,4.0,0.0
161.28154786427908,24.42,22.0,0.0,0.0
161.36115376154675,24.42,48.0,0.0,0.0
161.44075965881441,35.0,335.0,4.0,0.0
161.52036555608208,24.42,22.0,0.0,0.0
161.59997145334975,24.42,48.0,0.0,0.0
161.67957735061742,35.0,335.0,4.0,0.0
161.7591832478851,24.42,22.0,0.0,0.0
161.83878914515276,24.42,48.0,0.0,0.0
161.91839504242043,35.0,335.0,4.0,0.0
161.9980009396881,24.42,22.0,0.0,0.0
162.07760683695577,24.42,48.0,0.0,0.0
162.15721273422344,35.0,335.0,4.0,0.0
162.2368186314911,24.42,22.0,0.0,0.0
162.31642452875877,24.42,48.0,0.0,0.0
162.39603042602644,35.0,335.0,4.0,0.0
162.4756363232941,24.42,22.0,0.0,0.0
162.55524222056178,24.42,48.0,0.0,0.0
162.63484811782945,35.0,335.0,4.0,0.0
162.71445401509712,24.42,22.0,0.0,0.0
162.7940599123648,24.42,48.0,0.0,0.0
162.87366580963246,35.0,335.0,4.0,0.0
162.95327170690013,24.42,22.0,0.0,0.0
163.0328776041678,24.42,48.0,0.0,0.0
163.11248350143546,35.0,335.0,4.0,0.0
163.19208939870313,24.42,22.0,0.0,0.0
163.2716952959708,24.42,48.0,0.0,0.0
163.35130119323847,35.0,335.0,4.0,0.0
163.43090709050614,24.42,22.0,0.0,0.0
163.5105129877738,24.42,48.0,0.0,0.0
163.59011888504148,35.0,335.0,4.0,0.0
163.66972478230915,24.42,22.0,0.0,0.0
163.74933067957681,24.42,48.0,0.0,0.0
163.82893657684448,35.0,335.0,4.0,0.0
163.90854247411215,24.42,22.0,0.0,0.0
163.98814837137982,24.42,48.0,0.0,0.0
164.0677542686475,35.0,335.0,4.0,0.0
164.14736016591516,24.42,22.0,0.0,0.0
164.22696606318283,24.42,48.0,0.0,0.0
164.3065719604505,35.0,335.0,4.0,0.0
164.38617785771817,24.42,22.0,0.0,0.0
164.46578375498584,24.42,48.0,0.0,0.0
164.5453896522535,35.0,335.0,4.0,0.0
164.62499554952117,24.42,22.0,0.0,0.0
164.70460144678884,24.42,48.0,0.0,0.0
164.7842073440565,35.0,335.0,4.0,0.0
164.86381324132418,24.42,22.0,0.0,0.0
164.94341913859185,24.42,48.0,0.0,0.0
165.02302503585952,35.0,335.0,4.0,0.0
165.1026309331272,24.42,22.0,0.0,0.0
165.18223683039486,24.42,48.0,0.0,0.0
165.26184272766253,35.0,335.0,4.0,0.0
165.3414486249302,24.42,22.0,0.0,0.0
165.42105452219786,24.42,48.0,0.0,0.0
165.50066041946553,35.0,335.0,4.0,0.0
165.5802663167332,24.42,22.0,0.0,0.0
165.65987221400087,24.42,48.0,0.0,0.0
165.73947811126854,35.0,335.0,4.0,0.0
165.8190840085362,24.42,22.0,0.0,0.0
165.89868990580388,24.42,48.0,0.0,0.0
165.97829580307155,35.0,335.0,4.0,0.0
166.05790170033922,24.42,22.0,0.0,0.0
166.13750759760688,24.42,48.0,0.0,0.0
166.21711349487455,35.0,335.0,4.0,0.0
166.29671939214222,24.42,22.0,0.0,0.0
166.3763252894099,24.42,48.0,0.0,0.0
166.45593118667756,35.0,335.0,4.0,0.0
166.53553708394523,24.42,22.0,0.0,0.0
166.6151429812129,24.42,48.0,0.0,0.0
166.69474887848057,35.0,335.0,4.0,0.0
166.77435477574824,24.42,22.0,0.0,0.0
166.8539606730159,24.42,48.0,0.0,0.0
166.93356657028357,35.0,335.0,4.0,0.0
167.01317246755124,24.42,22.0,0.0,0.0
167.0927783648189,24.42,48.0,0.0,0.0
167.17238426208658,35.0,335.0,4.0,0.0
167.25199015935425,24.42,22.0,0.0,0.0
167.33159605662192,24.42,48.0,0.0,0.0
167.4112019538896,35.0,335.0,4.0,0.0
167.49080785115726,24.42,22.0,0.0,0.0
167.57041374842493,24.42,48.0,0.0,0.0
167.6500196456926,35.0,335.0,4.0,0.0
167.72962554296026,24.42,22.0,0.0,0.0
167.80923144022793,24.42,48.0,0.0,0.0
167.8888373374956,35.0,335.0,4.0,0.0
167.96844323476327,24.42,22.0,0.0,0.0
168.04804913203094,24.42,48.0,0.0,0.0
168.1276550292986,35.0,335.0,4.0,0.0
168.20726092656628,24.42,22.0,0.0,0.0
168.28686682383395,24.42,48.0,0.0,0.0
168.36647272110162,35.0,335.0,4.0,0.0
168.44607861836928,24.42,22.0,0.0,0.0
168.52568451563695,24.42,48.0,0.0,0.0
168.60529041290462,35.0,335.0,4.0,0.0
168.6848963101723,24.42,22.0,0.0,0.0
168.76450220743996,24.42,48.0,0.0,0.0
168.84410810470763,35.0,335.0,4.0,0.0
168.9237140019753,24.42,22.0,0.0,0.0
169.00331989924297,24.42,48.0,0.0,0.0
169.08292579651064,35.0,335.0,4.0,0.0
169.1625316937783,24.42,22.0,0.0,0.0
169.24213759104597,24.42,48.0,0.0,0.0
169.32174348831364,35.0,335.0,4.0,0.0
169.4013493855813,24.42,22.0,0.0,0.0
169.48095528284898,24.42,48.0,0.0,0.0
169.56056118011665,35.0,335.0,4.0,0.0
169.64016707738432,24.42,22.0,0.0,0.0
169.719772974652,24.42,48.0,0.0,0.0
169.79937887191966,35.0,335.0,4.0,0.0
169.87898476918733,24.42,22.0,0.0,0.0
169.958590666455,24.42,48.0,0.0,0.0
170.03819656372266,35.0,335.0,4.0,0.0
170.11780246099033,24.42,22.0,0.0,0.0
170.197408358258,24.42,48.0,0.0,0.0
170.27701425552567,35.0,335.0,4.0,0.0
170.35662015279334,24.42,22.0,0.0,0.0
170.436226050061,24.42,48.0,0.0,0.0
170.51583194732868,35.0,335.0,4.0,0.0
170.59543784459635,24.42,22.0,0.0,0.0
170.67504374186402,24.42,48.0,0.0,0.0
170.75464963913169,35.0,335.0,4.0,0.0
170.83425553639935,24.42,22.0,0.0,0.0
170.91386143366702,24.42,48.0,0.0,0.0
170.9934673309347,35.0,335.0,4.0,0.0
171.07307322820236,24.42,22.0,0.0,0.0
171.15267912547003,24.42,48.0,0.0,0.0
171.2322850227377,35.0,335.0,4.0,0.0
171.31189092000537,24.42,22.0,0.0,0.0
171.39149681727304,24.42,48.0,0.0,0.0
171.4711027145407,35.0,335.0,4.0,0.0
171.55070861180837,24.42,22.0,0.0,0.0
171.63031450907604,24.42,48.0,0.0,0.0
171.7099204063437,35.0,335.0,4.0,0.0
171.78952630361138,24.42,22.0,0.0,0.0
171.86913220087905,24.42,48.0,0.0,0.0
171.94873809814672,35.0,335.0,4.0,0.0
172.0283439954144,24.42,22.0,0.0,0.0
172.10794989268206,24.42,48.0,0.0,0.0
172.18755578994973,35.0,335.0,4.0,0.0
172.2671616872174,24.42,22.0,0.0,0.0
172.34676758448506,24.42,48.0,0.0,0.0
172.42637348175273,35.0,335.0,4.0,0.0
172.5059793790204,24.42,22.0,0.0,0.0
172.58558527628807,24.42,48.0,0.0,0.0
172.66519117355574,35.0,335.0,4.0,0.0
172.7447970708234,24.42,22.0,0.0,0.0
172.82440296809108,24.42,48.0,0.0,0.0
172.90400886535875,35.0,335.0,4.0,0.0
172.98361476262642,24.42,22.0,0.0,0.0
173.06322065989409,24.42,48.0,0.0,0.0
173.14282655716175,35.0,335.0,4.0,0.0
173.22243245442942,24.42,22.0,0.0,0.0
173.3020383516971,24.42,48.0,0.0,0.0
173.38164424896476,35.0,335.0,4.0,0.0
173.46125014623243,24.42,22.0,0.0,0.0
173.5408560435001,24.42,48.0,0.0,0.0
173.62046194076777,35.0,335.0,4.0,0.0
173.70006783803544,24.42,22.0,0.0,0.0
173.7796737353031,24.42,48.0,0.0,0.0
173.85927963257078,35.0,335.0,4.0,0.0
173.93888552983844,24.42,22.0,0.0,0.0
174.0184914271061,24.42,48.0,0.0,0.0
174.09809732437378,35.0,335.0,4.0,0.0
174.17770322164145,24.42,22.0,0.0,0.0
174.25730911890912,24.42,48.0,0.0,0.0
174.3369150161768,35.0,335.0,4.0,0.0
174.41652091344446,24.42,22.0,0.0,0.0
174.49612681071213,24.42,48.0,0.0,0.0
174.5757327079798,35.0,335.0,4.0,0.0
174.65533860524747,24.42,22.0,0.0,0.0
174.73494450251513,24.42,48.0,0.0,0.0
174.8145503997828,35.0,335.0,4.0,0.0
174.89415629705047,24.42,22.0,0.0,0.0
174.97376219431814,24.42,48.0,0.0,0.0
175.0533680915858,35.0,335.0,4.0,0.0
175.13297398885348,24.42,22.0,0.0,0.0
175.21257988612115,24.42,48.0,0.0,0.0
175.29218578338882,35.0,335.0,4.0,0.0
175.3717916806565,24.42,22.0,0.0,0.0
175.45139757792415,24.42,48.0,0.0,0.0
175.53100347519182,35.0,335.0,4.0,0.0
175.6106093724595,24.42,22.0,0.0,0.0
175.69021526972716,24.42,48.0,0.0,0.0
175.76982116699483,35.0,335.0,4.0,0.0
175.8494270642625,24.42,22.0,0.0,0.0
175.92903296153017,24.42,48.0,0.0,0.0
176.00863885879784,35.0,335.0,4.0,0.0
176.0882447560655,24.42,22.0,0.0,0.0
176.16785065333318,24.42,48.0,0.0,0.0
176.24745655060084,35.0,335.0,4.0,0.0
176.3270624478685,24.42,22.0,0.0,0.0
176.40666834513618,24.42,48.0,0.0,0.0
176.48627424240385,35.0,335.0,4.0,0.0
176.56588013967152,24.42,22.0,0.0,0.0
176.6454860369392,24.42,48.0,0.0,0.0
176.72509193420686,35.0,335.0,4.0,0.0
176.80469783147453,24.42,22.0,0.0,0.0
176.8843037287422,24.42,48.0,0.0,0.0
176.96390962600987,35.0,335.0,4.0,0.0
177.04351552327753,24.42,22.0,0.0,0.0
177.1231214205452,24.42,48.0,0.0,0.0
177.20272731781287,35.0,335.0,4.0,0.0
177.28233321508054,24.42,22.0,0.0,0.0
177.3619391123482,24.42,48.0,0.0,0.0
177.44154500961588,35.0,335.0,4.0,0.0
177.52115090688355,24.42,22.0,0.0,0.0
177.60075680415122,24.42,48.0,0.0,0.0
177.6803627014189,35.0,335.0,4.0,0.0
177.75996859868656,24.42,22.0,0.0,0.0
177.83957449595422,24.42,48.0,0.0,0.0
177.9191803932219,35.0,335.0,4.0,0.0
177.99878629048956,24.42,22.0,0.0,0.0
178.07839218775723,24.42,48.0,0.0,0.0
178.1579980850249,35.0,335.0,4.0,0.0
178.23760398229257,24.42,22.0,0.0,0.0
178.31720987956024,24.42,48.0,0.0,0.0
178.3968157768279,35.0,335.0,4.0,0.0
178.47642167409558,24.42,22.0,0.0,0.0
178.55602757136324,24.42,48.0,0.0,0.0
178.6356334686309,35.0,335.0,4.0,0.0
178.71523936589858,24.42,22.0,0.0,0.0
178.79484526316625,24.42,48.0,0.0,0.0
178.87445116043392,35.0,335.0,4.0,0.0
178.9540570577016,24.42,22.0,0.0,0.0
179.03366295496926,24.42,48.0,0.0,0.0
179.11326885223693,35.0,335.0,4.0,0.0
179.1928747495046,24.42,22.0,0.0,0.0
179.27248064677227,24.42,48.0,0.0,0.0
179.35208654403993,35.0,335.0,4.0,0.0
179.4316924413076,24.42,22.0,0.0,0.0
179.51129833857527,24.42,48.0,0.0,0.0
179.59090423584294,35.0,335.0,4.0,0.0
179.6705101331106,24.42,22.0,0.0,0.0
179.75011603037828,24.42,48.0,0.0,0.0
179.82972192764595,35.0,335.0,4.0,0.0
179.90932782491362,24.42,22.0,0.0,0.0
179.9889337221813,24.42,48.0,0.0,0.0
180.06853961944896,35.0,335.0,4.0,0.0
180.14814551671662,24.42,22.0,0.0,0.0
180.2277514139843,24.42,48.0,0.0,0.0
180.30735731125196,35.0,335.0,4.0,0.0
180.38696320851963,24.42,22.0,0.0,0.0
180.4665691057873,24.42,48.0,0.0,0.0
180.54617500305497,35.0,335.0,4.0,0.0
180.62578090032264,24.42,22.0,0.0,0.0
180.7053867975903,24.42,48.0,0.0,0.0
180.78499269485798,35.0,335.0,4.0,0.0
180.86459859212565,24.42,22.0,0.0,0.0
180.94420448939331,24.42,48.0,0.0,0.0
181.02381038666098,35.0,335.0,4.0,0.0
181.10341628392865,24.42,22.0,0.0,0.0
181.18302218119632,24.42,48.0,0.0,0.0
181.262628078464,35.0,335.0,4.0,0.0
181.34223397573166,24.42,22.0,0.0,0.0
181.42183987299933,24.42,48.0,0.0,0.0
181.501445770267,35.0,335.0,4.0,0.0
181.58105166753467,24.42,22.0,0.0,0.0
181.66065756480234,24.42,48.0,0.0,0.0
181.74026346207,35.0,335.0,4.0,0.0
181.81986935933767,24.42,22.0,0.0,0.0
181.89947525660534,24.42,48.0,0.0,0.0
181.979081153873,35.0,335.0,4.0,0.0
182.05868705114068,24.42,22.0,0.0,0.0
182.13829294840835,24.42,48.0,0.0,0.0
182.21789884567602,35.0,335.0,4.0,0.0
182.2975047429437,24.42,22.0,0.0,0.0
182.37711064021136,24.42,48.0,0.0,0.0
182.45671653747902,35.0,335.0,4.0,0.0
182.5363224347467,24.42,22.0,0.0,0.0
182.61592833201436,24.42,48.0,0.0,0.0
182.69553422928203,35.0,335.0,4.0,0.0
182.7751401265497,24.42,22.0,0.0,0.0
182.85474602381737,24.42,48.0,0.0,0.0
182.93435192108504,35.0,335.0,4.0,0.0
183.0139578183527,24.42,22.0,0.0,0.0
183.09356371562038,24.42,48.0,0.0,0.0
183.17316961288805,35.0,335.0,4.0,0.0
183.25277551015571,24.42,22.0,0.0,0.0
183.33238140742338,24.42,48.0,0.0,0.0
183.41198730469105,35.0,335.0,4.0,0.0
183.49159320195872,24.42,22.0,0.0,0.0
183.5711990992264,24.42,48.0,0.0,0.0
183.65080499649406,35.0,335.0,4.0,0.0
183.73041089376173,24.42,22.0,0.0,0.0
183.8100167910294,24.42,48.0,0.0,0.0
183.88962268829707,35.0,335.0,4.0,0.0
183.96922858556474,24.42,22.0,0.0,0.0
184.0488344828324,24.42,48.0,0.0,0.0
184.12844038010007,35.0,335.0,4.0,0.0
184.20804627736774,24.42,22.0,0.0,0.0
184.2876521746354,24.42,48.0,0.0,0.0
184.36725807190308,35.0,335.0,4.0,0.0
184.44686396917075,24.42,22.0,0.0,0.0
184.52646986643842,24.42,48.0,0.0,0.0
184.6060757637061,35.0,335.0,4.0,0.0
184.68568166097376,24.42,22.0,0.0,0.0
184.76528755824143,24.42,48.0,0.0,0.0
184.8448934555091,35.0,335.0,4.0,0.0
184.92449935277676,24.42,22.0,0.0,0.0
185.00410525004443,24.42,48.0,0.0,0.0
185.0837111473121,35.0,335.0,4.0,0.0
185.16331704457977,24.42,22.0,0.0,0.0
185.24292294184744,24.42,48.0,0.0,0.0
185.3225288391151,35.0,335.0,4.0,0.0
185.40213473638278,24.42,22.0,0.0,0.0
185.48174063365045,24.42,48.0,0.0,0.0
185.56134653091812,35.0,335.0,4.0,0.0
185.64095242818578,24.42,22.0,0.0,0.0
185.72055832545345,24.42,48.0,0.0,0.0
185.80016422272112,35.0,335.0,4.0,0.0
185.8797701199888,24.42,22.0,0.0,0.0
185.95937601725646,24.42,48.0,0.0,0.0
186.03898191452413,35.0,335.0,4.0,0.0
186.1185878117918,24.42,22.0,0.0,0.0
186.19819370905947,24.42,48.0,0.0,0.0
186.27779960632714,35.0,335.0,4.0,0.0
186.3574055035948,24.42,22.0,0.0,0.0
186.43701140086247,24.42,48.0,0.0,0.0
186.51661729813014,35.0,335.0,4.0,0.0
186.5962231953978,24.42,22.0,0.0,0.0
186.67582909266548,24.42,48.0,0.0,0.0
186.75543498993315,35.0,335.0,4.0,0.0
186.83504088720082,24.42,22.0,0.0,0.0
186.9146467844685,24.42,48.0,0.0,0.0
186.99425268173616,35.0,335.0,4.0,0.0
187.07385857900383,24.42,22.0,0.0,0.0
187.1534644762715,24.42,48.0,0.0,0.0
187.23307037353916,35.0,335.0,4.0,0.0
187.31267627080683,24.42,22.0,0.0,0.0
187.3922821680745,24.42,48.0,0.0,0.0
187.47188806534217,35.0,335.0,4.0,0.0
187.55149396260984,24.42,22.0,0.0,0.0
187.6310998598775,24.42,48.0,0.0,0.0
187.71070575714518,35.0,335.0,4.0,0.0
187.79031165441285,24.42,22.0,0.0,0.0
187.86991755168052,24.42,48.0,0.0,0.0
187.94952344894818,35.0,335.0,4.0,0.0
188.02912934621585,24.42,22.0,0.0,0.0
188.10873524348352,24.42,48.0,0.0,0.0
188.1883411407512,35.0,335.0,4.0,0.0
188.26794703801886,24.42,22.0,0.0,0.0
188.34755293528653,24.42,48.0,0.0,0.0
188.4271588325542,35.0,335.0,4.0,0.0
188.50676472982187,24.42,22.0,0.0,0.0
188.58637062708954,24.42,48.0,0.0,0.0
188.6659765243572,35.0,335.0,4.0,0.0
188.74558242162487,24.42,22.0,0.0,0.0
188.82518831889254,24.42,48.0,0.0,0.0
188.9047942161602,35.0,335.0,4.0,0.0
188.98440011342788,24.42,22.0,0.0,0.0
189.06400601069555,24.42,48.0,0.0,0.0
189.14361190796322,35.0,335.0,4.0,0.0
189.2232178052309,24.42,22.0,0.0,0.0
189.30282370249856,24.42,48.0,0.0,0.0
189.38242959976623,35.0,335.0,4.0,0.0
189.4620354970339,24.42,22.0,0.0,0.0
189.54164139430156,24.42,48.0,0.0,0.0
189.62124729156923,35.0,335.0,4.0,0.0
189.7008531888369,24.42,22.0,0.0,0.0
189.78045908610457,24.42,48.0,0.0,0.0
189.86006498337224,35.0,335.0,4.0,0.0
189.9396708806399,24.42,22.0,0.0,0.0
190.01927677790758,24.42,48.0,0.0,0.0
190.09888267517525,35.0,335.0,4.0,0.0
190.17848857244292,24.42,22.0,0.0,0.0
190.25809446971058,24.42,48.0,0.0,0.0
190.33770036697825,35.0,335.0,4.0,0.0
190.41730626424592,24.42,22.0,0.0,0.0
190.4969121615136,24.42,48.0,0.0,0.0
190.57651805878126,35.0,335.0,4.0,0.0
190.65612395604893,24.42,22.0,0.0,0.0
190.7357298533166,24.42,48.0,0.0,0.0
190.81533575058427,35.0,335.0,4.0,0.0
190.89494164785194,24.42,22.0,0.0,0.0
190.9745475451196,24.42,48.0,0.0,0.0
191.05415344238727,35.0,335.0,4.0,0.0
191.13375933965494,24.42,22.0,0.0,0.0
191.2133652369226,24.42,48.0,0.0,0.0
191.29297113419028,35.0,335.0,4.0,0.0
191.37257703145795,24.42,22.0,0.0,0.0
191.45218292872562,24.42,48.0,0.0,0.0
191.5317888259933,35.0,335.0,4.0,0.0
191.61139472326096,24.42,22.0,0.0,0.0
191.69100062052863,24.42,48.0,0.0,0.0
191.7706065177963,35.0,335.0,4.0,0.0
191.85021241506396,24.42,22.0,0.0,0.0
191.92981831233163,24.42,48.0,0.0,0.0
192.0094242095993,35.0,335.0,4.0,0.0
192.08903010686697,24.42,22.0,0.0,0.0
192.16863600413464,24.42,48.0,0.0,0.0
192.2482419014023,35.0,335.0,4.0,0.0
192.32784779866998,24.42,22.0,0.0,0.0
192.40745369593765,24.42,48.0,0.0,0.0
192.48705959320532,35.0,335.0,4.0,0.0
192.56666549047299,24.42,22.0,0.0,0.0
192.64627138774065,24.42,48.0,0.0,0.0
192.72587728500832,35.0,335.0,4.0,0.0
192.805483182276,24.42,22.0,0.0,0.0
192.88508907954366,24.42,48.0,0.0,0.0
192.96469497681133,35.0,335.0,4.0,0.0
193.044300874079,24.42,22.0,0.0,0.0
193.12390677134667,24.42,48.0,0.0,0.0
193.20351266861434,35.0,335.0,4.0,0.0
193.283118565882,24.42,22.0,0.0,0.0
193.36272446314968,24.42,48.0,0.0,0.0
193.44233036041734,35.0,335.0,4.0,0.0
193.521936257685,24.42,22.0,0.0,0.0
193.60154215495268,24.42,48.0,0.0,0.0
193.68114805222035,35.0,335.0,4.0,0.0
193.76075394948802,24.42,22.0,0.0,0.0
193.8403598467557,24.42,48.0,0.0,0.0
193.91996574402336,35.0,335.0,4.0,0.0
193.99957164129103,24.42,22.0,0.0,0.0
194.0791775385587,24.42,48.0,0.0,0.0
194.15878343582636,35.0,335.0,4.0,0.0
194.23838933309403,24.42,22.0,0.0,0.0
194.3179952303617,24.42,48.0,0.0,0.0
194.39760112762937,35.0,335.0,4.0,0.0
194.47720702489704,24.42,22.0,0.0,0.0
194.5568129221647,24.42,48.0,0.0,0.0
194.63641881943238,35.0,335.0,4.0,0.0
194.71602471670005,24.42,22.0,0.0,0.0
194.79563061396772,24.42,48.0,0.0,0.0
194.87523651123539,35.0,335.0,4.0,0.0
194.95484240850305,24.42,22.0,0.0,0.0
195.03444830577072,24.42,48.0,0.0,0.0
195.1140542030384,35.0,335.0,4.0,0.0
195.19366010030606,24.42,22.0,0.0,0.0
195.27326599757373,24.42,48.0,0.0,0.0
195.3528718948414,35.0,335.0,4.0,0.0
195.43247779210907,24.42,22.0,0.0,0.0
195.51208368937674,24.42,48.0,0.0,0.0
195.5916895866444,35.0,335.0,4.0,0.0
195.67129548391208,24.42,22.0,0.0,0.0
195.75090138117974,24.42,48.0,0.0,0.0
195.8305072784474,35.0,335.0,4.0,0.0
195.91011317571508,24.42,22.0,0.0,0.0
195.98971907298275,24.42,48.0,0.0,0.0
196.06932497025042,35.0,335.0,4.0,0.0
196.1489308675181,24.42,22.0,0.0,0.0
196.22853676478576,24.42,48.0,0.0,0.0
196.30814266205343,35.0,335.0,4.0,0.0
196.3877485593211,24.42,22.0,0.0,0.0
196.46735445658877,24.42,48.0,0.0,0.0
196.54696035385643,35.0,335.0,4.0,0.0
196.6265662511241,24.42,22.0,0.0,0.0
196.70617214839177,24.42,48.0,0.0,0.0
196.78577804565944,35.0,335.0,4.0,0.0
196.8653839429271,24.42,22.0,0.0,0.0
196.94498984019478,24.42,48.0,0.0,0.0
197.02459573746245,35.0,335.0,4.0,0.0
197.10420163473012,24.42,22.0,0.0,0.0
197.1838075319978,24.42,48.0,0.0,0.0
197.26341342926546,35.0,335.0,4.0,0.0
197.34301932653312,24.42,22.0,0.0,0.0
197.4226252238008,24.42,48.0,0.0,0.0
197.50223112106846,35.0,335.0,4.0,0.0
197.58183701833613,24.42,22.0,0.0,0.0
197.6614429156038,24.42,48.0,0.0,0.0
197.74104881287147,35.0,335.0,4.0,0.0
197.82065471013914,24.42,22.0,0.0,0.0
197.9002606074068,24.42,48.0,0.0,0.0
197.97986650467448,35.0,335.0,4.0,0.0
198.05947240194214,24.42,22.0,0.0,0.0
198.1390782992098,24.42,48.0,0.0,0.0
198.21868419647748,35.0,335.0,4.0,0.0
198.29829009374515,24.42,22.0,0.0,0.0
198.37789599101282,24.42,48.0,0.0,0.0
198.4575018882805,35.0,335.0,4.0,0.0
198.53710778554816,24.42,22.0,0.0,0.0
198.61671368281583,24.42,48.0,0.0,0.0
198.6963195800835,35.0,335.0,4.0,0.0
198.77592547735117,24.42,22.0,0.0,0.0
198.85553137461883,24.42,48.0,0.0,0.0
198.9351372718865,35.0,335.0,4.0,0.0
199.01474316915417,24.42,22.0,0.0,0.0
199.09434906642184,24.42,48.0,0.0,0.0
199.1739549636895,35.0,335.0,4.0,0.0
199.25356086095718,24.42,22.0,0.0,0.0
199.33316675822485,24.42,48.0,0.0,0.0
199.41277265549252,35.0,335.0,4.0,0.0
199.4923785527602,24.42,22.0,0.0,0.0
199.57198445002786,24.42,48.0,0.0,0.0
199.65159034729552,35.0,335.0,4.0,0.0
199.7311962445632,24.42,22.0,0.0,0.0
199.81080214183086,24.42,48.0,0.0,0.0
199.89040803909853,35.0,335.0,4.0,0.0
199.9700139363662,24.42,22.0,0.0,0.0
200.04961983363387,24.42,48.0,0.0,0.0
200.12922573090154,35.0,335.0,4.0,0.0
200.2088316281692,24.42,22.0,0.0,0.0
200.28843752543688,24.42,48.0,0.0,0.0
200.36804342270455,35.0,335.0,4.0,0.0
200.44764931997221,24.42,22.0,0.0,0.0
200.52725521723988,24.42,48.0,0.0,0.0
200.60686111450755,35.0,335.0,4.0,0.0
200.68646701177522,24.42,22.0,0.0,0.0
200.7660729090429,24.42,48.0,0.0,0.0
200.84567880631056,35.0,335.0,4.0,0.0
200.92528470357823,24.42,22.0,0.0,0.0
201.0048906008459,24.42,48.0,0.0,0.0
201.08449649811357,35.0,335.0,4.0,0.0
201.16410239538124,24.42,22.0,0.0,0.0
201.2437082926489,24.42,48.0,0.0,0.0
201.32331418991657,35.0,335.0,4.0,0.0
201.40292008718424,24.42,22.0,0.0,0.0
201.4825259844519,24.42,48.0,0.0,0.0
201.56213188171958,35.0,335.0,4.0,0.0
201.64173777898725,24.42,22.0,0.0,0.0
201.72134367625492,24.42,48.0,0.0,0.0
201.8009495735226,35.0,335.0,4.0,0.0
201.88055547079026,24.42,22.0,0.0,0.0
201.96016136805792,24.42,48.0,0.0,0.0
202.0397672653256,35.0,335.0,4.0,0.0
202.11937316259326,24.42,22.0,0.0,0.0
202.19897905986093,24.42,48.0,0.0,0.0
202.2785849571286,35.0,335.0,4.0,0.0
202.35819085439627,24.42,22.0,0.0,0.0
202.43779675166394,24.42,48.0,0.0,0.0
202.5174026489316,35.0,335.0,4.0,0.0
202.59700854619928,24.42,22.0,0.0,0.0
202.67661444346695,24.42,48.0,0.0,0.0
202.75622034073461,35.0,335.0,4.0,0.0
202.83582623800228,24.42,22.0,0.0,0.0
202.91543213526995,24.42,48.0,0.0,0.0
202.99503803253762,35.0,335.0,4.0,0.0
203.0746439298053,24.42,22.0,0.0,0.0
203.15424982707296,24.42,48.0,0.0,0.0
203.23385572434063,35.0,335.0,4.0,0.0
203.3134616216083,24.42,22.0,0.0,0.0
203.39306751887597,24.42,48.0,0.0,0.0
203.47267341614364,35.0,335.0,4.0,0.0
203.5522793134113,24.42,22.0,0.0,0.0
203.63188521067897,24.42,48.0,0.0,0.0
203.71149110794664,35.0,335.0,4.0,0.0
203.7910970052143,24.42,22.0,0.0,0.0
203.87070290248198,24.42,48.0,0.0,0.0
203.95030879974965,35.0,335.0,4.0,0.0
204.02991469701732,24.42,22.0,0.0,0.0
204.109520594285,24.42,48.0,0.0,0.0
204.18912649155266,35.0,335.0,4.0,0.0
204.26873238882033,24.42,22.0,0.0,0.0
204.348338286088,24.42,48.0,0.0,0.0
204.42794418335566,35.0,335.0,4.0,0.0
204.50755008062333,24.42,22.0,0.0,0.0
204.587155977891,24.42,48.0,0.0,0.0
204.66676187515867,35.0,335.0,4.0,0.0
204.74636777242634,24.42,22.0,0.0,0.0
204.825973669694,24.42,48.0,0.0,0.0
204.90557956696168,35.0,335.0,4.0,0.0
204.98518546422935,24.42,22.0,0.0,0.0
205.06479136149702,24.42,48.0,0.0,0.0
205.14439725876468,35.0,335.0,4.0,0.0
205.22400315603235,24.42,22.0,0.0,0.0
205.30360905330002,24.42,48.0,0.0,0.0
205.3832149505677,35.0,335.0,4.0,0.0
205.46282084783536,24.42,22.0,0.0,0.0
205.54242674510303,24.42,48.0,0.0,0.0
205.6220326423707,35.0,335.0,4.0,0.0
205.70163853963837,24.42,22.0,0.0,0.0
205.78124443690604,24.42,48.0,0.0,0.0
205.8608503341737,35.0,335.0,4.0,0.0
205.94045623144137,24.42,22.0,0.0,0.0
206.02006212870904,24.42,48.0,0.0,0.0
206.0996680259767,35.0,335.0,4.0,0.0
206.17927392324438,24.42,22.0,0.0,0.0
206.25887982051205,24.42,48.0,0.0,0.0
206.33848571777972,35.0,335.0,4.0,0.0
206.4180916150474,24.42,22.0,0.0,0.0
206.49769751231506,24.42,48.0,0.0,0.0
206.57730340958273,35.0,335.0,4.0,0.0
206.6569093068504,24.42,22.0,0.0,0.0
206.73651520411806,24.42,48.0,0.0,0.0
206.81612110138573,35.0,335.0,4.0,0.0
206.8957269986534,24.42,22.0,0.0,0.0
206.97533289592107,24.42,48.0,0.0,0.0
207.05493879318874,35.0,335.0,4.0,0.0
207.1345446904564,24.42,22.0,0.0,0.0
207.21415058772408,24.42,48.0,0.0,0.0
207.29375648499175,35.0,335.0,4.0,0.0
207.37336238225942,24.42,22.0,0.0,0.0
207.45296827952708,24.42,48.0,0.0,0.0
207.53257417679475,35.0,335.0,4.0,0.0
207.61218007406242,24.42,22.0,0.0,0.0
207.6917859713301,24.42,48.0,0.0,0.0
207.77139186859776,35.0,335.0,4.0,0.0
207.85099776586543,24.42,22.0,0.0,0.0
207.9306036631331,24.42,48.0,0.0,0.0
208.01020956040077,35.0,335.0,4.0,0.0
208.08981545766844,24.42,22.0,0.0,0.0
208.1694213549361,24.42,48.0,0.0,0.0
208.24902725220377,35.0,335.0,4.0,0.0
208.32863314947144,24.42,22.0,0.0,0.0
208.4082390467391,24.42,48.0,0.0,0.0
208.48784494400678,35.0,335.0,4.0,0.0
208.56745084127445,24.42,22.0,0.0,0.0
208.64705673854212,24.42,48.0,0.0,0.0
208.7266626358098,35.0,335.0,4.0,0.0
208.80626853307746,24.42,22.0,0.0,0.0
208.88587443034513,24.42,48.0,0.0,0.0
208.9654803276128,35.0,335.0,4.0,0.0
209.04508622488046,24.42,22.0,0.0,0.0
209.12469212214813,24.42,48.0,0.0,0.0
209.2042980194158,35.0,335.0,4.0,0.0
209.28390391668347,24.42,22.0,0.0,0.0
209.36350981395114,24.42,48.0,0.0,0.0
209.4431157112188,35.0,335.0,4.0,0.0
209.52272160848648,24.42,22.0,0.0,0.0
209.60232750575415,24.42,48.0,0.0,0.0
209.68193340302182,35.0,335.0,4.0,0.0
209.76153930028948,24.42,22.0,0.0,0.0
209.84114519755715,24.42,48.0,0.0,0.0
209.92075109482482,35.0,335.0,4.0,0.0
210.0003569920925,24.42,22.0,0.0,0.0
210.07996288936016,24.42,48.0,0.0,0.0
210.15956878662783,35.0,335.0,4.0,0.0
210.2391746838955,24.42,22.0,0.0,0.0
210.31878058116317,24.42,48.0,0.0,0.0
210.39838647843084,35.0,335.0,4.0,0.0
210.4779923756985,24.42,22.0,0.0,0.0
210.55759827296617,24.42,48.0,0.0,0.0
210.63720417023384,35.0,335.0,4.0,0.0
210.7168100675015,24.42,22.0,0.0,0.0
210.79641596476918,24.42,48.0,0.0,0.0
210.87602186203685,35.0,335.0,4.0,0.0
210.95562775930452,24.42,22.0,0.0,0.0
211.0352336565722,24.42,48.0,0.0,0.0
211.11483955383986,35.0,335.0,4.0,0.0
211.19444545110753,24.42,22.0,0.0,0.0
211.2740513483752,24.42,48.0,0.0,0.0
211.35365724564286,35.0,335.0,4.0,0.0
211.43326314291053,24.42,22.0,0.0,0.0
211.5128690401782,24.42,48.0,0.0,0.0
211.59247493744587,35.0,335.0,4.0,0.0
211.67208083471354,24.42,22.0,0.0,0.0
211.7516867319812,24.42,48.0,0.0,0.0
211.83129262924888,35.0,335.0,4.0,0.0
211.91089852651655,24.42,22.0,0.0,0.0
211.99050442378422,24.42,48.0,0.0,0.0
212.07011032105189,35.0,335.0,4.0,0.0
212.14971621831955,24.42,22.0,0.0,0.0
212.22932211558722,24.42,48.0,0.0,0.0
212.3089280128549,35.0,335.0,4.0,0.0
212.38853391012256,24.42,22.0,0.0,0.0
212.46813980739023,24.42,48.0,0.0,0.0
212.5477457046579,35.0,335.0,4.0,0.0
212.62735160192557,24.42,22.0,0.0,0.0
212.70695749919324,24.42,48.0,0.0,0.0
212.7865633964609,35.0,335.0,4.0,0.0
212.86616929372857,24.42,22.0,0.0,0.0
212.94577519099624,24.42,48.0,0.0,0.0
213.0253810882639,35.0,335.0,4.0,0.0
213.10498698553158,24.42,22.0,0.0,0.0
213.18459288279925,24.42,48.0,0.0,0.0
213.26419878006692,35.0,335.0,4.0,0.0
213.3438046773346,24.42,22.0,0.0,0.0
213.42341057460226,24.42,48.0,0.0,0.0
213.50301647186993,35.0,335.0,4.0,0.0
213.5826223691376,24.42,22.0,0.0,0.0
213.66222826640526,24.42,48.0,0.0,0.0
213.74183416367293,35.0,335.0,4.0,0.0
213.8214400609406,24.42,22.0,0.0,0.0
213.90104595820827,24.42,48.0,0.0,0.0
213.98065185547594,35.0,335.0,4.0,0.0
214.0602577527436,24.42,22.0,0.0,0.0
214.13986365001128,24.42,48.0,0.0,0.0
214.21946954727895,35.0,335.0,4.0,0.0
214.29907544454662,24.42,22.0,0.0,0.0
214.37868134181429,24.42,48.0,0.0,0.0
214.45828723908195,35.0,335.0,4.0,0.0
214.53789313634962,24.42,22.0,0.0,0.0
214.6174990336173,24.42,48.0,0.0,0.0
214.69710493088496,35.0,335.0,4.0,0.0
214.77671082815263,24.42,22.0,0.0,0.0
214.8563167254203,24.42,48.0,0.0,0.0
214.93592262268797,35.0,335.0,4.0,0.0
215.01552851995564,24.42,22.0,0.0,0.0
215.0951344172233,24.42,48.0,0.0,0.0
215.17474031449098,35.0,335.0,4.0,0.0
215.25434621175864,24.42,22.0,0.0,0.0
215.3339521090263,24.42,48.0,0.0,0.0
215.41355800629398,35.0,335.0,4.0,0.0
215.49316390356165,24.42,22.0,0.0,0.0
215.57276980082932,24.42,48.0,0.0,0.0
215.652375698097,35.0,335.0,4.0,0.0
215.73198159536466,24.42,22.0,0.0,0.0
215.81158749263233,24.42,48.0,0.0,0.0
215.8911933899,35.0,335.0,4.0,0.0
215.97079928716767,24.42,22.0,0.0,0.0
216.05040518443533,24.42,48.0,0.0,0.0
216.130011081703,35.0,335.0,4.0,0.0
216.20961697897067,24.42,22.0,0.0,0.0
216.28922287623834,24.42,48.0,0.0,0.0
216.368828773506,35.0,335.0,4.0,0.0
216.44843467077368,24.42,22.0,0.0,0.0
216.52804056804135,24.42,48.0,0.0,0.0
216.60764646530902,35.0,335.0,4.0,0.0
216.6872523625767,24.42,22.0,0.0,0.0
216.76685825984435,24.42,48.0,0.0,0.0
216.84646415711202,35.0,335.0,4.0,0.0
216.9260700543797,24.42,22.0,0.0,0.0
217.00567595164736,24.42,48.0,0.0,0.0
217.08528184891503,35.0,335.0,4.0,0.0
217.1648877461827,24.42,22.0,0.0,0.0
217.24449364345037,24.42,48.0,0.0,0.0
217.32409954071804,35.0,335.0,4.0,0.0
217.4037054379857,24.42,22.0,0.0,0.0
217.48331133525338,24.42,48.0,0.0,0.0
217.56291723252104,35.0,335.0,4.0,0.0
217.6425231297887,24.42,22.0,0.0,0.0
217.72212902705638,24.42,48.0,0.0,0.0
217.80173492432405,35.0,335.0,4.0,0.0
217.88134082159172,24.42,22.0,0.0,0.0
217.9609467188594,24.42,48.0,0.0,0.0
218.04055261612706,35.0,335.0,4.0,0.0
218.12015851339473,24.42,22.0,0.0,0.0
218.1997644106624,24.42,48.0,0.0,0.0
218.27937030793007,35.0,335.0,4.0,0.0
218.35897620519773,24.42,22.0,0.0,0.0
218.4385821024654,24.42,48.0,0.0,0.0
218.51818799973307,35.0,335.0,4.0,0.0
218.59779389700074,24.42,22.0,0.0,0.0
218.6773997942684,24.42,48.0,0.0,0.0
218.75700569153608,35.0,335.0,4.0,0.0
218.83661158880375,24.42,22.0,0.0,0.0
218.91621748607142,24.42,48.0,0.0,0.0
218.9958233833391,35.0,335.0,4.0,0.0
219.07542928060676,24.42,22.0,0.0,0.0
219.15503517787442,24.42,48.0,0.0,0.0
219.2346410751421,35.0,335.0,4.0,0.0
219.31424697240976,24.42,22.0,0.0,0.0
219.39385286967743,24.42,48.0,0.0,0.0
219.4734587669451,35.0,335.0,4.0,0.0
219.55306466421277,24.42,22.0,0.0,0.0
219.63267056148044,24.42,48.0,0.0,0.0
219.7122764587481,35.0,335.0,4.0,0.0
219.79188235601578,24.42,22.0,0.0,0.0
219.87148825328345,24.42,48.0,0.0,0.0
219.9510941505511,35.0,335.0,4.0,0.0
220.03070004781878,24.42,22.0,0.0,0.0
220.11030594508645,24.42,48.0,0.0,0.0
220.18991184235412,35.0,335.0,4.0,0.0
220.2695177396218,24.42,22.0,0.0,0.0
220.34912363688946,24.42,48.0,0.0,0.0
220.42872953415713,35.0,335.0,4.0,0.0
220.5083354314248,24.42,22.0,0.0,0.0
220.58794132869247,24.42,48.0,0.0,0.0
220.66754722596013,35.0,335.0,4.0,0.0
220.7471531232278,24.42,22.0,0.0,0.0
220.82675902049547,24.42,48.0,0.0,0.0
220.90636491776314,35.0,335.0,4.0,0.0
220.9859708150308,24.42,22.0,0.0,0.0
221.06557671229848,24.42,48.0,0.0,0.0
221.14518260956615,35.0,335.0,4.0,0.0
221.22478850683382,24.42,22.0,0.0,0.0
221.3043944041015,24.42,48.0,0.0,0.0
221.38400030136916,35.0,335.0,4.0,0.0
221.46360619863682,24.42,22.0,0.0,0.0
221.5432120959045,24.42,48.0,0.0,0.0
221.62281799317216,35.0,335.0,4.0,0.0
221.70242389043983,24.42,22.0,0.0,0.0
221.7820297877075,24.42,48.0,0.0,0.0
221.86163568497517,35.0,335.0,4.0,0.0
221.94124158224284,24.42,22.0,0.0,0.0
222.0208474795105,24.42,48.0,0.0,0.0
222.10045337677818,35.0,335.0,4.0,0.0
222.18005927404585,24.42,22.0,0.0,0.0
222.25966517131351,24.42,48.0,0.0,0.0
222.33927106858118,35.0,335.0,4.0,0.0
222.41887696584885,24.42,22.0,0.0,0.0
222.49848286311652,24.42,48.0,0.0,0.0
222.5780887603842,35.0,335.0,4.0,0.0
222.65769465765186,24.42,22.0,0.0,0.0
222.73730055491953,24.42,48.0,0.0,0.0
222.8169064521872,35.0,335.0,4.0,0.0
222.89651234945487,24.42,22.0,0.0,0.0
222.97611824672254,24.42,48.0,0.0,0.0
223.0557241439902,35.0,335.0,4.0,0.0
223.13533004125787,24.42,22.0,0.0,0.0
223.21493593852554,24.42,48.0,0.0,0.0
223.2945418357932,35.0,335.0,4.0,0.0
223.37414773306088,24.42,22.0,0.0,0.0
223.45375363032855,24.42,48.0,0.0,0.0
223.53335952759622,35.0,335.0,4.0,0.0
223.6129654248639,24.42,22.0,0.0,0.0
223.69257132213156,24.42,48.0,0.0,0.0
223.77217721939923,35.0,335.0,4.0,0.0
223.8517831166669,24.42,22.0,0.0,0.0
223.93138901393456,24.42,48.0,0.0,0.0
224.01099491120223,35.0,335.0,4.0,0.0
224.0906008084699,24.42,22.0,0.0,0.0
224.17020670573757,24.42,48.0,0.0,0.0
224.24981260300524,35.0,335.0,4.0,0.0
224.3294185002729,24.42,22.0,0.0,0.0
224.40902439754058,24.42,48.0,0.0,0.0
224.48863029480825,35.0,335.0,4.0,0.0
224.56823619207591,24.42,22.0,0.0,0.0
224.64784208934358,24.42,48.0,0.0,0.0
224.72744798661125,35.0,335.0,4.0,0.0
224.80705388387892,24.42,22.0,0.0,0.0
224.8866597811466,24.42,48.0,0.0,0.0
224.96626567841426,35.0,335.0,4.0,0.0
225.04587157568193,24.42,22.0,0.0,0.0
225.1254774729496,24.42,48.0,0.0,0.0
225.20508337021727,35.0,335.0,4.0,0.0
225.28468926748494,24.42,22.0,0.0,0.0
225.3642951647526,24.42,48.0,0.0,0.0
225.44390106202027,35.0,335.0,4.0,0.0
225.52350695928794,24.42,22.0,0.0,0.0
225.6031128565556,24.42,48.0,0.0,0.0
225.68271875382328,35.0,335.0,4.0,0.0
225.76232465109095,24.42,22.0,0.0,0.0
225.84193054835862,24.42,48.0,0.0,0.0
225.9215364456263,35.0,335.0,4.0,0.0
226.00114234289396,24.42,22.0,0.0,0.0
226.08074824016163,24.42,48.0,0.0,0.0
226.1603541374293,35.0,335.0,4.0,0.0
226.23996003469696,24.42,22.0,0.0,0.0
226.31956593196463,24.42,48.0,0.0,0.0
226.3991718292323,35.0,335.0,4.0,0.0
226.47877772649997,24.42,22.0,0.0,0.0
226.55838362376764,24.42,48.0,0.0,0.0
226.6379895210353,35.0,335.0,4.0,0.0
226.71759541830298,24.42,22.0,0.0,0.0
226.79720131557065,24.42,48.0,0.0,0.0
226.87680721283832,35.0,335.0,4.0,0.0
226.95641311010598,24.42,22.0,0.0,0.0
227.03601900737365,24.42,48.0,0.0,0.0
227.11562490464132,35.0,335.0,4.0,0.0
227.195230801909,24.42,22.0,0.0,0.0
227.27483669917666,24.42,48.0,0.0,0.0
227.35444259644433,35.0,335.0,4.0,0.0
227.434048493712,24.42,22.0,0.0,0.0
227.51365439097967,24.42,48.0,0.0,0.0
227.59326028824734,35.0,335.0,4.0,0.0
227.672866185515,24.42,22.0,0.0,0.0
227.75247208278267,24.42,48.0,0.0,0.0
227.83207798005034,35.0,335.0,4.0,0.0
227.911683877318,24.42,22.0,0.0,0.0
227.99128977458568,24.42,48.0,0.0,0.0
228.07089567185335,35.0,335.0,4.0,0.0
228.15050156912102,24.42,22.0,0.0,0.0
228.2301074663887,24.42,48.0,0.0,0.0
228.30971336365636,35.0,335.0,4.0,0.0
228.38931926092403,24.42,22.0,0.0,0.0
228.4689251581917,24.42,48.0,0.0,0.0
228.54853105545936,35.0,335.0,4.0,0.0
228.62813695272703,24.42,22.0,0.0,0.0
228.7077428499947,24.42,48.0,0.0,0.0
228.78734874726237,35.0,335.0,4.0,0.0
228.86695464453004,24.42,22.0,0.0,0.0
228.9465605417977,24.42,48.0,0.0,0.0
229.02616643906538,35.0,335.0,4.0,0.0
229.10577233633305,24.42,22.0,0.0,0.0
229.18537823360072,24.42,48.0,0.0,0.0
229.26498413086838,35.0,335.0,4.0,0.0
229.34459002813605,24.42,22.0,0.0,0.0
229.42419592540372,24.42,48.0,0.0,0.0
229.5038018226714,35.0,335.0,4.0,0.0
229.58340771993906,24.42,22.0,0.0,0.0
229.66301361720673,24.42,48.0,0.0,0.0
229.7426195144744,35.0,335.0,4.0,0.0
229.82222541174207,24.42,22.0,0.0,0.0
229.90183130900974,24.42,48.0,0.0,0.0
229.9814372062774,35.0,335.0,4.0,0.0
230.06104310354507,24.42,22.0,0.0,0.0
230.14064900081274,24.42,48.0,0.0,0.0
230.2202548980804,35.0,335.0,4.0,0.0
230.29986079534808,24.42,22.0,0.0,0.0
230.37946669261575,24.42,48.0,0.0,0.0
230.45907258988342,35.0,335.0,4.0,0.0
230.5386784871511,24.42,22.0,0.0,0.0
230.61828438441876,24.42,48.0,0.0,0.0
230.69789028168643,35.0,335.0,4.0,0.0
230.7774961789541,24.42,22.0,0.0,0.0
230.85710207622176,24.42,48.0,0.0,0.0
230.93670797348943,35.0,335.0,4.0,0.0
231.0163138707571,24.42,22.0,0.0,0.0
231.09591976802477,24.42,48.0,0.0,0.0
231.17552566529244,35.0,335.0,4.0,0.0
231.2551315625601,24.42,22.0,0.0,0.0
231.33473745982778,24.42,48.0,0.0,0.0
231.41434335709545,35.0,335.0,4.0,0.0
231.49394925436312,24.42,22.0,0.0,0.0
231.57355515163079,24.42,48.0,0.0,0.0
231.65316104889845,35.0,335.0,4.0,0.0
231.73276694616612,24.42,22.0,0.0,0.0
231.8123728434338,24.42,48.0,0.0,0.0
231.89197874070146,35.0,335.0,4.0,0.0
231.97158463796913,24.42,22.0,0.0,0.0
232.0511905352368,24.42,48.0,0.0,0.0
232.13079643250447,35.0,335.0,4.0,0.0
232.21040232977214,24.42,22.0,0.0,0.0
232.2900082270398,24.42,48.0,0.0,0.0
232.36961412430747,35.0,335.0,4.0,0.0
232.44922002157514,24.42,22.0,0.0,0.0
232.5288259188428,24.42,48.0,0.0,0.0
232.60843181611048,35.0,335.0,4.0,0.0
232.68803771337815,24.42,22.0,0.0,0.0
232.76764361064582,24.42,48.0,0.0,0.0
232.8472495079135,35.0,335.0,4.0,0.0
232.92685540518116,24.42,22.0,0.0,0.0
233.00646130244883,24.42,48.0,0.0,0.0
233.0860671997165,35.0,335.0,4.0,0.0
233.16567309698416,24.42,22.0,0.0,0.0
233.24527899425183,24.42,48.0,0.0,0.0
233.3248848915195,35.0,335.0,4.0,0.0
233.40449078878717,24.42,22.0,0.0,0.0
233.48409668605484,24.42,48.0,0.0,0.0
233.5637025833225,35.0,335.0,4.0,0.0
233.64330848059018,24.42,22.0,0.0,0.0
233.72291437785785,24.42,48.0,0.0,0.0
233.80252027512552,35.0,335.0,4.0,0.0
233.88212617239319,24.42,22.0,0.0,0.0
233.96173206966085,24.42,48.0,0.0,0.0
234.04133796692852,35.0,335.0,4.0,0.0
234.1209438641962,24.42,22.0,0.0,0.0
234.20054976146386,24.42,48.0,0.0,0.0
234.28015565873153,35.0,335.0,4.0,0.0
234.3597615559992,24.42,22.0,0.0,0.0
234.43936745326687,24.42,48.0,0.0,0.0
234.51897335053454,35.0,335.0,4.0,0.0
234.5985792478022,24.42,22.0,0.0,0.0
234.67818514506988,24.42,48.0,0.0,0.0
234.75779104233754,35.0,335.0,4.0,0.0
234.8373969396052,24.42,22.0,0.0,0.0
234.91700283687288,24.42,48.0,0.0,0.0
234.99660873414055,35.0,335.0,4.0,0.0
235.07621463140822,24.42,22.0,0.0,0.0
235.1558205286759,24.42,48.0,0.0,0.0
235.23542642594356,35.0,335.0,4.0,0.0
235.31503232321123,24.42,22.0,0.0,0.0
235.3946382204789,24.42,48.0,0.0,0.0
235.47424411774657,35.0,335.0,4.0,0.0
235.55385001501423,24.42,22.0,0.0,0.0
235.6334559122819,24.42,48.0,0.0,0.0
235.71306180954957,35.0,335.0,4.0,0.0
235.79266770681724,24.42,22.0,0.0,0.0
235.8722736040849,24.42,48.0,0.0,0.0
235.95187950135258,35.0,335.0,4.0,0.0
236.03148539862025,24.42,22.0,0.0,0.0
236.11109129588792,24.42,48.0,0.0,0.0
236.1906971931556,35.0,335.0,4.0,0.0
236.27030309042325,24.42,22.0,0.0,0.0
236.34990898769092,24.42,48.0,0.0,0.0
236.4295148849586,35.0,335.0,4.0,0.0
236.50912078222626,24.42,22.0,0.0,0.0
236.58872667949393,24.42,48.0,0.0,0.0
236.6683325767616,35.0,335.0,4.0,0.0
236.74793847402927,24.42,22.0,0.0,0.0
236.82754437129694,24.42,48.0,0.0,0.0
236.9071502685646,35.0,335.0,4.0,0.0
236.98675616583228,24.42,22.0,0.0,0.0
237.06636206309994,24.42,48.0,0.0,0.0
237.1459679603676,35.0,335.0,4.0,0.0
237.22557385763528,24.42,22.0,0.0,0.0
237.30517975490295,24.42,48.0,0.0,0.0
237.38478565217062,35.0,335.0,4.0,0.0
237.4643915494383,24.42,22.0,0.0,0.0
237.54399744670596,24.42,48.0,0.0,0.0
237.62360334397363,35.0,335.0,4.0,0.0
237.7032092412413,24.42,22.0,0.0,0.0
237.78281513850897,24.42,48.0,0.0,0.0
237.86242103577663,35.0,335.0,4.0,0.0
237.9420269330443,24.42,22.0,0.0,0.0
238.02163283031197,24.42,48.0,0.0,0.0
238.10123872757964,35.0,335.0,4.0,0.0
238.1808446248473,24.42,22.0,0.0,0.0
238.26045052211498,24.42,48.0,0.0,0.0
238.34005641938265,35.0,335.0,4.0,0.0
238.41966231665032,24.42,22.0,0.0,0.0
238.499268213918,24.42,48.0,0.0,0.0
238.57887411118566,35.0,335.0,4.0,0.0
238.65848000845332,24.42,22.0,0.0,0.0
238.738085905721,24.42,48.0,0.0,0.0
238.81769180298866,35.0,335.0,4.0,0.0
238.89729770025633,24.42,22.0,0.0,0.0
238.976903597524,24.42,48.0,0.0,0.0
239.05650949479167,35.0,335.0,4.0,0.0
239.13611539205934,24.42,22.0,0.0,0.0
239.215721289327,24.42,48.0,0.0,0.0
239.29532718659468,35.0,335.0,4.0,0.0
239.37493308386235,24.42,22.0,0.0,0.0
239.45453898113,24.42,48.0,0.0,0.0
239.53414487839768,35.0,335.0,4.0,0.0
239.61375077566535,24.42,22.0,0.0,0.0
239.69335667293302,24.42,48.0,0.0,0.0
239.7729625702007,35.0,335.0,4.0,0.0
239.85256846746836,24.42,22.0,0.0,0.0
239.93217436473603,24.42,48.0,0.0,0.0
240.0117802620037,35.0,335.0,4.0,0.0
240.09138615927137,24.42,22.0,0.0,0.0
240.17099205653903,24.42,48.0,0.0,0.0
240.2505979538067,35.0,335.0,4.0,0.0
240.33020385107437,24.42,22.0,0.0,0.0
240.40980974834204,24.42,48.0,0.0,0.0
240.4894156456097,35.0,335.0,4.0,0.0
240.56902154287738,24.42,22.0,0.0,0.0
240.64862744014505,24.42,48.0,0.0,0.0
240.72823333741272,35.0,335.0,4.0,0.0
240.8078392346804,24.42,22.0,0.0,0.0
240.88744513194806,24.42,48.0,0.0,0.0
240.96705102921572,35.0,335.0,4.0,0.0
241.0466569264834,24.42,22.0,0.0,0.0
241.12626282375106,24.42,48.0,0.0,0.0
241.20586872101873,35.0,335.0,4.0,0.0
241.2854746182864,24.42,22.0,0.0,0.0
241.36508051555407,24.42,48.0,0.0,0.0
241.44468641282174,35.0,335.0,4.0,0.0
241.5242923100894,24.42,22.0,0.0,0.0
241.60389820735708,24.42,48.0,0.0,0.0
241.68350410462475,35.0,335.0,4.0,0.0
241.76311000189241,24.42,22.0,0.0,0.0
241.84271589916008,24.42,48.0,0.0,0.0
241.92232179642775,35.0,335.0,4.0,0.0
242.00192769369542,24.42,22.0,0.0,0.0
242.0815335909631,24.42,48.0,0.0,0.0
242.16113948823076,35.0,335.0,4.0,0.0
242.24074538549843,24.42,22.0,0.0,0.0
242.3203512827661,24.42,48.0,0.0,0.0
242.39995718003377,35.0,335.0,4.0,0.0
242.47956307730144,24.42,22.0,0.0,0.0
242.5591689745691,24.42,48.0,0.0,0.0
242.63877487183677,35.0,335.0,4.0,0.0
242.71838076910444,24.42,22.0,0.0,0.0
242.7979866663721,24.42,48.0,0.0,0.0
242.87759256363978,35.0,335.0,4.0,0.0
242.95719846090745,24.42,22.0,0.0,0.0
243.03680435817512,24.42,48.0,0.0,0.0
243.1164102554428,35.0,335.0,4.0,0.0
243.19601615271046,24.42,22.0,0.0,0.0
243.27562204997813,24.42,48.0,0.0,0.0
243.3552279472458,35.0,335.0,4.0,0.0
243.43483384451346,24.42,22.0,0.0,0.0
243.51443974178113,24.42,48.0,0.0,0.0
243.5940456390488,35.0,335.0,4.0,0.0
243.67365153631647,24.42,22.0,0.0,0.0
243.75325743358414,24.42,48.0,0.0,0.0
243.8328633308518,35.0,335.0,4.0,0.0
243.91246922811948,24.42,22.0,0.0,0.0
243.99207512538715,24.42,48.0,0.0,0.0
244.07168102265481,35.0,335.0,4.0,0.0
244.15128691992248,24.42,22.0,0.0,0.0
244.23089281719015,24.42,48.0,0.0,0.0
244.31049871445782,35.0,335.0,4.0,0.0
244.3901046117255,24.42,22.0,0.0,0.0
244.46971050899316,24.42,48.0,0.0,0.0
244.54931640626083,35.0,335.0,4.0,0.0
244.6289223035285,24.42,22.0,0.0,0.0
244.70852820079617,24.42,48.0,0.0,0.0
244.78813409806384,35.0,335.0,4.0,0.0
244.8677399953315,24.42,22.0,0.0,0.0
244.94734589259917,24.42,48.0,0.0,0.0
245.02695178986684,35.0,335.0,4.0,0.0
245.1065576871345,24.42,22.0,0.0,0.0
245.18616358440218,24.42,48.0,0.0,0.0
245.26576948166985,35.0,335.0,4.0,0.0
245.34537537893752,24.42,22.0,0.0,0.0
245.4249812762052,24.42,48.0,0.0,0.0
245.50458717347286,35.0,335.0,4.0,0.0
245.58419307074053,24.42,22.0,0.0,0.0
245.6637989680082,24.42,48.0,0.0,0.0
245.74340486527586,35.0,335.0,4.0,0.0
245.82301076254353,24.42,22.0,0.0,0.0
245.9026166598112,24.42,48.0,0.0,0.0
245.98222255707887,35.0,335.0,4.0,0.0
246.06182845434654,24.42,22.0,0.0,0.0
246.1414343516142,24.42,48.0,0.0,0.0
246.22104024888188,35.0,335.0,4.0,0.0
246.30064614614955,24.42,22.0,0.0,0.0
246.38025204341722,24.42,48.0,0.0,0.0
246.45985794068488,35.0,335.0,4.0,0.0
246.53946383795255,24.42,22.0,0.0,0.0
246.61906973522022,24.42,48.0,0.0,0.0
246.6986756324879,35.0,335.0,4.0,0.0
246.77828152975556,24.42,22.0,0.0,0.0
246.85788742702323,24.42,48.0,0.0,0.0
246.9374933242909,35.0,335.0,4.0,0.0
247.01709922155857,24.42,22.0,0.0,0.0
247.09670511882624,24.42,48.0,0.0,0.0
247.1763110160939,35.0,335.0,4.0,0.0
247.25591691336157,24.42,22.0,0.0,0.0
247.33552281062924,24.42,48.0,0.0,0.0
247.4151287078969,35.0,335.0,4.0,0.0
247.49473460516458,24.42,22.0,0.0,0.0
247.57434050243225,24.42,48.0,0.0,0.0
247.65394639969992,35.0,335.0,4.0,0.0
247.7335522969676,24.42,22.0,0.0,0.0
247.81315819423526,24.42,48.0,0.0,0.0
247.89276409150293,35.0,335.0,4.0,0.0
247.9723699887706,24.42,22.0,0.0,0.0
248.05197588603826,24.42,48.0,0.0,0.0
248.13158178330593,35.0,335.0,4.0,0.0
248.2111876805736,24.42,22.0,0.0,0.0
248.29079357784127,24.42,48.0,0.0,0.0
248.37039947510894,35.0,335.0,4.0,0.0
248.4500053723766,24.42,22.0,0.0,0.0
248.52961126964428,24.42,48.0,0.0,0.0
248.60921716691195,35.0,335.0,4.0,0.0
248.68882306417962,24.42,22.0,0.0,0.0
248.76842896144728,24.42,48.0,0.0,0.0
248.84803485871495,35.0,335.0,4.0,0.0
248.92764075598262,24.42,22.0,0.0,0.0
249.0072466532503,24.42,48.0,0.0,0.0
249.08685255051796,35.0,335.0,4.0,0.0
249.16645844778563,24.42,22.0,0.0,0.0
249.2460643450533,24.42,48.0,0.0,0.0
249.32567024232097,35.0,335.0,4.0,0.0
249.40527613958864,24.42,22.0,0.0,0.0
249.4848820368563,24.42,48.0,0.0,0.0
249.56448793412397,35.0,335.0,4.0,0.0
249.64409383139164,24.42,22.0,0.0,0.0
249.7236997286593,24.42,48.0,0.0,0.0
249.80330562592698,35.0,335.0,4.0,0.0
249.88291152319465,24.42,22.0,0.0,0.0
249.96251742046232,24.42,48.0,0.0,0.0
250.04212331773,35.0,335.0,4.0,0.0
250.12172921499766,24.42,22.0,0.0,0.0
250.20133511226533,24.42,48.0,0.0,0.0
250.280941009533,35.0,335.0,4.0,0.0
250.36054690680066,24.42,22.0,0.0,0.0
250.44015280406833,24.42,48.0,0.0,0.0
250.519758701336,35.0,335.0,4.0,0.0
250.59936459860367,24.42,22.0,0.0,0.0
250.67897049587134,24.42,48.0,0.0,0.0
250.758576393139,35.0,335.0,4.0,0.0
250.83818229040668,24.42,22.0,0.0,0.0
250.91778818767435,24.42,48.0,0.0,0.0
250.99739408494202,35.0,335.0,4.0,0.0
251.07699998220968,24.42,22.0,0.0,0.0
251.15660587947735,24.42,48.0,0.0,0.0
251.23621177674502,35.0,335.0,4.0,0.0
251.3158176740127,24.42,22.0,0.0,0.0
251.39542357128036,24.42,48.0,0.0,0.0
251.47502946854803,35.0,335.0,4.0,0.0
251.5546353658157,24.42,22.0,0.0,0.0
251.63424126308337,24.42,48.0,0.0,0.0
251.71384716035104,35.0,335.0,4.0,0.0
251.7934530576187,24.42,22.0,0.0,0.0
251.87305895488637,24.42,48.0,0.0,0.0
251.95266485215404,35.0,335.0,4.0,0.0
252.0322707494217,24.42,22.0,0.0,0.0
252.11187664668938,24.42,48.0,0.0,0.0
252.19148254395705,35.0,335.0,4.0,0.0
252.27108844122472,24.42,22.0,0.0,0.0
252.3506943384924,24.42,48.0,0.0,0.0
252.43030023576006,35.0,335.0,4.0,0.0
252.50990613302773,24.42,22.0,0.0,0.0
252.5895120302954,24.42,48.0,0.0,0.0
252.66911792756306,35.0,335.0,4.0,0.0
252.74872382483073,24.42,22.0,0.0,0.0
252.8283297220984,24.42,48.0,0.0,0.0
252.90793561936607,35.0,335.0,4.0,0.0
252.98754151663374,24.42,22.0,0.0,0.0
253.0671474139014,24.42,48.0,0.0,0.0
253.14675331116908,35.0,335.0,4.0,0.0
253.22635920843675,24.42,22.0,0.0,0.0
253.30596510570442,24.42,48.0,0.0,0.0
253.38557100297209,35.0,335.0,4.0,0.0
253.46517690023975,24.42,22.0,0.0,0.0
253.54478279750742,24.42,48.0,0.0,0.0
253.6243886947751,35.0,335.0,4.0,0.0
253.70399459204276,24.42,22.0,0.0,0.0
253.78360048931043,24.42,48.0,0.0,0.0
253.8632063865781,35.0,335.0,4.0,0.0
253.94281228384577,24.42,22.0,0.0,0.0
254.02241818111344,24.42,48.0,0.0,0.0
254.1020240783811,35.0,335.0,4.0,0.0
254.18162997564878,24.42,22.0,0.0,0.0
254.26123587291644,24.42,48.0,0.0,0.0
254.3408417701841,35.0,335.0,4.0,0.0
254.42044766745178,24.42,22.0,0.0,0.0
254.50005356471945,24.42,48.0,0.0,0.0
254.57965946198712,35.0,335.0,4.0,0.0
254.6592653592548,24.42,22.0,0.0,0.0
254.73887125652246,24.42,48.0,0.0,0.0
254.81847715379013,35.0,335.0,4.0,0.0
254.8980830510578,24.42,22.0,0.0,0.0
254.97768894832546,24.42,48.0,0.0,0.0
255.05729484559313,35.0,335.0,4.0,0.0
255.1369007428608,24.42,22.0,0.0,0.0
255.21650664012847,24.42,48.0,0.0,0.0
255.29611253739614,35.0,335.0,4.0,0.0
255.3757184346638,24.42,22.0,0.0,0.0
255.45532433193148,24.42,48.0,0.0,0.0
255.53493022919915,35.0,335.0,4.0,0.0
255.61453612646682,24.42,22.0,0.0,0.0
255.69414202373449,24.42,48.0,0.0,0.0
255.77374792100215,35.0,335.0,4.0,0.0
255.85335381826982,24.42,22.0,0.0,0.0
255.9329597155375,24.42,48.0,0.0,0.0
256.01256561280513,35.0,335.0,4.0,0.0
256.0921715100728,24.42,22.0,0.0,0.0
256.1717774073404,24.42,48.0,0.0,0.0
256.25138330460805,35.0,335.0,4.0,0.0
256.3309892018757,24.42,22.0,0.0,0.0
256.41059509914334,24.42,48.0,0.0,0.0
256.490200996411,35.0,335.0,4.0,0.0
256.5698068936786,24.42,22.0,0.0,0.0
256.64941279094626,24.42,48.0,0.0,0.0
256.7290186882139,35.0,335.0,4.0,0.0
256.80862458548154,24.42,22.0,0.0,0.0
256.8882304827492,24.42,48.0,0.0,0.0
256.9678363800168,35.0,335.0,4.0,0.0
257.04744227728446,24.42,22.0,0.0,0.0
257.1270481745521,24.42,48.0,0.0,0.0
257.20665407181974,35.0,335.0,4.0,0.0
257.2862599690874,24.42,22.0,0.0,0.0
257.365865866355,24.42,48.0,0.0,0.0
257.44547176362266,35.0,335.0,4.0,0.0
257.5250776608903,24.42,22.0,0.0,0.0
257.60468355815794,24.42,48.0,0.0,0.0
257.6842894554256,35.0,335.0,4.0,0.0
257.7638953526932,24.42,22.0,0.0,0.0
257.84350124996087,24.42,48.0,0.0,0.0
257.9231071472285,35.0,335.0,4.0,0.0
258.00271304449615,24.42,22.0,0.0,0.0
258.0823189417638,24.42,48.0,0.0,0.0
258.1619248390314,35.0,335.0,4.0,0.0
258.24153073629907,24.42,22.0,0.0,0.0
258.3211366335667,24.42,48.0,0.0,0.0
258.40074253083435,35.0,335.0,4.0,0.0
258.480348428102,24.42,22.0,0.0,0.0
258.55995432536963,24.42,48.0,0.0,0.0
258.6395602226373,35.0,335.0,4.0,0.0
258.7191661199049,24.42,22.0,0.0,0.0
258.79877201717255,24.42,48.0,0.0,0.0
258.8783779144402,35.0,335.0,4.0,0.0
258.95798381170783,24.42,22.0,0.0,0.0
259.0375897089755,24.42,48.0,0.0,0.0
259.1171956062431,35.0,335.0,4.0,0.0
259.19680150351076,24.42,22.0,0.0,0.0
259.2764074007784,24.42,48.0,0.0,0.0
259.35601329804604,35.0,335.0,4.0,0.0
259.4356191953137,24.42,22.0,0.0,0.0
259.5152250925813,24.42,48.0,0.0,0.0
259.59483098984896,35.0,335.0,4.0,0.0
259.6744368871166,24.42,22.0,0.0,0.0
259.75404278438424,24.42,48.0,0.0,0.0
259.8336486816519,35.0,335.0,4.0,0.0
259.9132545789195,24.42,22.0,0.0,0.0
259.99286047618716,24.42,48.0,0.0,0.0
260.0724663734548,35.0,335.0,4.0,0.0
260.15207227072244,24.42,22.0,0.0,0.0
260.2316781679901,24.42,48.0,0.0,0.0
260.3112840652577,35.0,335.0,4.0,0.0
260.39088996252536,24.42,22.0,0.0,0.0
260.470495859793,24.42,48.0,0.0,0.0
260.55010175706065,35.0,335.0,4.0,0.0
260.6297076543283,24.42,22.0,0.0,0.0
260.7093135515959,24.42,48.0,0.0,0.0
260.78891944886357,35.0,335.0,4.0,0.0
260.8685253461312,24.42,22.0,0.0,0.0
260.94813124339885,24.42,48.0,0.0,0.0
261.0277371406665,35.0,335.0,4.0,0.0
261.10734303793413,24.42,22.0,0.0,0.0
261.18694893520177,24.42,48.0,0.0,0.0
261.2665548324694,35.0,335.0,4.0,0.0
261.34616072973705,24.42,22.0,0.0,0.0
261.4257666270047,24.42,48.0,0.0,0.0
261.50537252427233,35.0,335.0,4.0,0.0
261.58497842154,24.42,22.0,0.0,0.0
261.6645843188076,24.42,48.0,0.0,0.0
261.74419021607525,35.0,335.0,4.0,0.0
261.8237961133429,24.42,22.0,0.0,0.0
261.90340201061053,24.42,48.0,0.0,0.0
261.9830079078782,35.0,335.0,4.0,0.0
262.0626138051458,24.42,22.0,0.0,0.0
262.14221970241346,24.42,48.0,0.0,0.0
262.2218255996811,35.0,335.0,4.0,0.0
262.30143149694874,24.42,22.0,0.0,0.0
262.3810373942164,24.42,48.0,0.0,0.0
262.460643291484,35.0,335.0,4.0,0.0
262.54024918875166,24.42,22.0,0.0,0.0
262.6198550860193,24.42,48.0,0.0,0.0
262.69946098328694,35.0,335.0,4.0,0.0
262.7790668805546,24.42,22.0,0.0,0.0
262.8586727778222,24.42,48.0,0.0,0.0
262.93827867508986,35.0,335.0,4.0,0.0
263.0178845723575,24.42,22.0,0.0,0.0
263.09749046962514,24.42,48.0,0.0,0.0
263.1770963668928,35.0,335.0,4.0,0.0
263.2567022641604,24.42,22.0,0.0,0.0
263.33630816142806,24.42,48.0,0.0,0.0
263.4159140586957,35.0,335.0,4.0,0.0
263.49551995596335,24.42,22.0,0.0,0.0
263.575125853231,24.42,48.0,0.0,0.0
263.6547317504986,35.0,335.0,4.0,0.0
263.73433764776627,24.42,22.0,0.0,0.0
263.8139435450339,24.42,48.0,0.0,0.0
263.89354944230155,35.0,335.0,4.0,0.0
263.9731553395692,24.42,22.0,0.0,0.0
264.05276123683683,24.42,48.0,0.0,0.0
264.13236713410447,35.0,335.0,4.0,0.0
264.2119730313721,24.42,22.0,0.0,0.0
264.29157892863975,24.42,48.0,0.0,0.0
264.3711848259074,35.0,335.0,4.0,0.0
264.45079072317503,24.42,22.0,0.0,0.0
264.5303966204427,24.42,48.0,0.0,0.0
264.6100025177103,35.0,335.0,4.0,0.0
264.68960841497795,24.42,22.0,0.0,0.0
264.7692143122456,24.42,48.0,0.0,0.0
264.84882020951324,35.0,335.0,4.0,0.0
264.9284261067809,24.42,22.0,0.0,0.0
265.0080320040485,24.42,48.0,0.0,0.0
265.08763790131616,35.0,335.0,4.0,0.0
265.1672437985838,24.42,22.0,0.0,0.0
265.24684969585144,24.42,48.0,0.0,0.0
265.3264555931191,35.0,335.0,4.0,0.0
265.4060614903867,24.42,22.0,0.0,0.0
265.48566738765436,24.42,48.0,0.0,0.0
265.565273284922,35.0,335.0,4.0,0.0
265.64487918218964,24.42,22.0,0.0,0.0
265.7244850794573,24.42,48.0,0.0,0.0
265.8040909767249,35.0,335.0,4.0,0.0
265.88369687399256,24.42,22.0,0.0,0.0
265.9633027712602,24.42,48.0,0.0,0.0
266.04290866852784,35.0,335.0,4.0,0.0
266.1225145657955,24.42,22.0,0.0,0.0
266.2021204630631,24.42,48.0,0.0,0.0
266.28172636033077,35.0,335.0,4.0,0.0
266.3613322575984,24.42,22.0,0.0,0.0
266.44093815486605,24.42,48.0,0.0,0.0
266.5205440521337,35.0,335.0,4.0,0.0
266.6001499494013,24.42,22.0,0.0,0.0
266.67975584666897,24.42,48.0,0.0,0.0
266.7593617439366,35.0,335.0,4.0,0.0
266.83896764120425,24.42,22.0,0.0,0.0
266.9185735384719,24.42,48.0,0.0,0.0
266.99817943573953,35.0,335.0,4.0,0.0
267.07778533300717,24.42,22.0,0.0,0.0
267.1573912302748,24.42,48.0,0.0,0.0
267.23699712754245,35.0,335.0,4.0,0.0
267.3166030248101,24.42,22.0,0.0,0.0
267.39620892207773,24.42,48.0,0.0,0.0
267.4758148193454,35.0,335.0,4.0,0.0
267.555420716613,24.42,22.0,0.0,0.0
267.63502661388065,24.42,48.0,0.0,0.0
267.7146325111483,35.0,335.0,4.0,0.0
267.79423840841594,24.42,22.0,0.0,0.0
267.8738443056836,24.42,48.0,0.0,0.0
267.9534502029512,35.0,335.0,4.0,0.0
268.03305610021886,24.42,22.0,0.0,0.0
268.1126619974865,24.42,48.0,0.0,0.0
268.19226789475414,35.0,335.0,4.0,0.0
268.2718737920218,24.42,22.0,0.0,0.0
268.3514796892894,24.42,48.0,0.0,0.0
268.43108558655706,35.0,335.0,4.0,0.0
268.5106914838247,24.42,22.0,0.0,0.0
268.59029738109234,24.42,48.0,0.0,0.0
268.66990327836,35.0,335.0,4.0,0.0
268.7495091756276,24.42,22.0,0.0,0.0
268.82911507289526,24.42,48.0,0.0,0.0
268.9087209701629,35.0,335.0,4.0,0.0
268.98832686743054,24.42,22.0,0.0,0.0
269.0679327646982,24.42,48.0,0.0,0.0
269.1475386619658,35.0,335.0,4.0,0.0
269.22714455923347,24.42,22.0,0.0,0.0
269.3067504565011,24.42,48.0,0.0,0.0
269.38635635376875,35.0,335.0,4.0,0.0
269.4659622510364,24.42,22.0,0.0,0.0
269.545568148304,24.42,48.0,0.0,0.0
269.62517404557167,35.0,335.0,4.0,0.0
269.7047799428393,24.42,22.0,0.0,0.0
269.78438584010695,24.42,48.0,0.0,0.0
269.8639917373746,35.0,335.0,4.0,0.0
269.94359763464223,24.42,22.0,0.0,0.0
270.02320353190987,24.42,48.0,0.0,0.0
270.1028094291775,35.0,335.0,4.0,0.0
270.18241532644515,24.42,22.0,0.0,0.0
270.2620212237128,24.42,48.0,0.0,0.0
270.34162712098043,35.0,335.0,4.0,0.0
270.4212330182481,24.42,22.0,0.0,0.0
270.5008389155157,24.42,48.0,0.0,0.0
270.58044481278336,35.0,335.0,4.0,0.0
270.660050710051,24.42,22.0,0.0,0.0
270.73965660731864,24.42,48.0,0.0,0.0
270.8192625045863,35.0,335.0,4.0,0.0
270.8988684018539,24.42,22.0,0.0,0.0
270.97847429912156,24.42,48.0,0.0,0.0
271.0580801963892,35.0,335.0,4.0,0.0
271.13768609365684,24.42,22.0,0.0,0.0
271.2172919909245,24.42,48.0,0.0,0.0
271.2968978881921,35.0,335.0,4.0,0.0
271.37650378545976,24.42,22.0,0.0,0.0
271.4561096827274,24.42,48.0,0.0,0.0
271.53571557999504,35.0,335.0,4.0,0.0
271.6153214772627,24.42,22.0,0.0,0.0
271.6949273745303,24.42,48.0,0.0,0.0
271.77453327179796,35.0,335.0,4.0,0.0
271.8541391690656,24.42,22.0,0.0,0.0
271.93374506633324,24.42,48.0,0.0,0.0
272.0133509636009,35.0,335.0,4.0,0.0
272.0929568608685,24.42,22.0,0.0,0.0
272.17256275813617,24.42,48.0,0.0,0.0
272.2521686554038,35.0,335.0,4.0,0.0
272.33177455267145,24.42,22.0,0.0,0.0
272.4113804499391,24.42,48.0,0.0,0.0
272.49098634720673,35.0,335.0,4.0,0.0
272.57059224447437,24.42,22.0,0.0,0.0
272.650198141742,24.42,48.0,0.0,0.0
272.72980403900965,35.0,335.0,4.0,0.0
272.8094099362773,24.42,22.0,0.0,0.0
272.88901583354493,24.42,48.0,0.0,0.0
272.9686217308126,35.0,335.0,4.0,0.0
273.0482276280802,24.42,22.0,0.0,0.0
273.12783352534785,24.42,48.0,0.0,0.0
273.2074394226155,35.0,335.0,4.0,0.0
273.28704531988313,24.42,22.0,0.0,0.0
273.3666512171508,24.42,48.0,0.0,0.0
273.4462571144184,35.0,335.0,4.0,0.0
273.52586301168606,24.42,22.0,0.0,0.0
273.6054689089537,24.42,48.0,0.0,0.0
273.68507480622134,35.0,335.0,4.0,0.0
273.764680703489,24.42,22.0,0.0,0.0
273.8442866007566,24.42,48.0,0.0,0.0
273.92389249802426,35.0,335.0,4.0,0.0
274.0034983952919,24.42,22.0,0.0,0.0
274.08310429255954,24.42,48.0,0.0,0.0
274.1627101898272,35.0,335.0,4.0,0.0
274.2423160870948,24.42,22.0,0.0,0.0
274.32192198436246,24.42,48.0,0.0,0.0
274.4015278816301,35.0,335.0,4.0,0.0
274.48113377889774,24.42,22.0,0.0,0.0
274.5607396761654,24.42,48.0,0.0,0.0
274.640345573433,35.0,335.0,4.0,0.0
274.71995147070066,24.42,22.0,0.0,0.0
274.7995573679683,24.42,48.0,0.0,0.0
274.87916326523595,35.0,335.0,4.0,0.0
274.9587691625036,24.42,22.0,0.0,0.0
275.0383750597712,24.42,48.0,0.0,0.0
275.11798095703887,35.0,335.0,4.0,0.0
275.1975868543065,24.42,22.0,0.0,0.0
275.27719275157415,24.42,48.0,0.0,0.0
275.3567986488418,35.0,335.0,4.0,0.0
275.43640454610943,24.42,22.0,0.0,0.0
275.51601044337707,24.42,48.0,0.0,0.0
275.5956163406447,35.0,335.0,4.0,0.0
275.67522223791235,24.42,22.0,0.0,0.0
275.75482813518,24.42,48.0,0.0,0.0
275.83443403244763,35.0,335.0,4.0,0.0
275.9140399297153,24.42,22.0,0.0,0.0
275.9936458269829,24.42,48.0,0.0,0.0
276.07325172425055,35.0,335.0,4.0,0.0
276.1528576215182,24.42,22.0,0.0,0.0
276.23246351878583,24.42,48.0,0.0,0.0
276.3120694160535,35.0,335.0,4.0,0.0
276.3916753133211,24.42,22.0,0.0,0.0
276.47128121058876,24.42,48.0,0.0,0.0
276.5508871078564,35.0,335.0,4.0,0.0
276.63049300512404,24.42,22.0,0.0,0.0
276.7100989023917,24.42,48.0,0.0,0.0
276.7897047996593,35.0,335.0,4.0,0.0
276.86931069692696,24.42,22.0,0.0,0.0
276.9489165941946,24.42,48.0,0.0,0.0
277.02852249146224,35.0,335.0,4.0,0.0
277.1081283887299,24.42,22.0,0.0,0.0
277.1877342859975,24.42,48.0,0.0,0.0
277.26734018326516,35.0,335.0,4.0,0.0
277.3469460805328,24.42,22.0,0.0,0.0
277.42655197780044,24.42,48.0,0.0,0.0
277.5061578750681,35.0,335.0,4.0,0.0
277.5857637723357,24.42,22.0,0.0,0.0
277.66536966960336,24.42,48.0,0.0,0.0
277.744975566871,35.0,335.0,4.0,0.0
277.82458146413865,24.42,22.0,0.0,0.0
277.9041873614063,24.42,48.0,0.0,0.0
277.9837932586739,35.0,335.0,4.0,0.0
278.06339915594157,24.42,22.0,0.0,0.0
278.1430050532092,24.42,48.0,0.0,0.0
278.22261095047685,35.0,335.0,4.0,0.0
278.3022168477445,24.42,22.0,0.0,0.0
278.38182274501213,24.42,48.0,0.0,0.0
278.46142864227977,35.0,335.0,4.0,0.0
278.5410345395474,24.42,22.0,0.0,0.0
278.62064043681505,24.42,48.0,0.0,0.0
278.7002463340827,35.0,335.0,4.0,0.0
278.77985223135033,24.42,22.0,0.0,0.0
278.859458128618,24.42,48.0,0.0,0.0
278.9390640258856,35.0,335.0,4.0,0.0
279.01866992315325,24.42,22.0,0.0,0.0
279.0982758204209,24.42,48.0,0.0,0.0
279.17788171768854,35.0,335.0,4.0,0.0
279.2574876149562,24.42,22.0,0.0,0.0
279.3370935122238,24.42,48.0,0.0,0.0
279.41669940949146,35.0,335.0,4.0,0.0
279.4963053067591,24.42,22.0,0.0,0.0
279.57591120402674,24.42,48.0,0.0,0.0
279.6555171012944,35.0,335.0,4.0,0.0
279.735122998562,24.42,22.0,0.0,0.0
279.81472889582966,24.42,48.0,0.0,0.0
279.8943347930973,35.0,335.0,4.0,0.0
279.97394069036494,24.42,22.0,0.0,0.0
280.0535465876326,24.42,48.0,0.0,0.0
280.1331524849002,35.0,335.0,4.0,0.0
280.21275838216786,24.42,22.0,0.0,0.0
280.2923642794355,24.42,48.0,0.0,0.0
280.37197017670314,35.0,335.0,4.0,0.0
280.4515760739708,24.42,22.0,0.0,0.0
280.5311819712384,24.42,48.0,0.0,0.0
280.61078786850607,35.0,335.0,4.0,0.0
280.6903937657737,24.42,22.0,0.0,0.0
280.76999966304135,24.42,48.0,0.0,0.0
280.849605560309,35.0,335.0,4.0,0.0
280.9292114575766,24.42,22.0,0.0,0.0
281.00881735484427,24.42,48.0,0.0,0.0
281.0884232521119,35.0,335.0,4.0,0.0
281.16802914937955,24.42,22.0,0.0,0.0
281.2476350466472,24.42,48.0,0.0,0.0
281.32724094391483,35.0,335.0,4.0,0.0
281.40684684118247,24.42,22.0,0.0,0.0
281.4864527384501,24.42,48.0,0.0,0.0
281.56605863571775,35.0,335.0,4.0,0.0
281.6456645329854,24.42,22.0,0.0,0.0
281.72527043025303,24.42,48.0,0.0,0.0
281.8048763275207,35.0,335.0,4.0,0.0
281.8844822247883,24.42,22.0,0.0,0.0
281.96408812205595,24.42,48.0,0.0,0.0
282.0436940193236,35.0,335.0,4.0,0.0
282.12329991659124,24.42,22.0,0.0,0.0
282.2029058138589,24.42,48.0,0.0,0.0
282.2825117111265,35.0,335.0,4.0,0.0
282.36211760839416,24.42,22.0,0.0,0.0
282.4417235056618,24.42,48.0,0.0,0.0
282.52132940292944,35.0,335.0,4.0,0.0
282.6009353001971,24.42,22.0,0.0,0.0
282.6805411974647,24.42,48.0,0.0,0.0
282.76014709473236,35.0,335.0,4.0,0.0
282.839752992,24.42,22.0,0.0,0.0
282.91935888926764,24.42,48.0,0.0,0.0
282.9989647865353,35.0,335.0,4.0,0.0
283.0785706838029,24.42,22.0,0.0,0.0
283.15817658107056,24.42,48.0,0.0,0.0
283.2377824783382,35.0,335.0,4.0,0.0
283.31738837560584,24.42,22.0,0.0,0.0
283.3969942728735,24.42,48.0,0.0,0.0
283.4766001701411,35.0,335.0,4.0,0.0
283.55620606740877,24.42,22.0,0.0,0.0
283.6358119646764,24.42,48.0,0.0,0.0
283.71541786194405,35.0,335.0,4.0,0.0
283.7950237592117,24.42,22.0,0.0,0.0
283.8746296564793,24.42,48.0,0.0,0.0
283.95423555374697,35.0,335.0,4.0,0.0
284.0338414510146,24.42,22.0,0.0,0.0
284.11344734828225,24.42,48.0,0.0,0.0
284.1930532455499,35.0,335.0,4.0,0.0
284.27265914281753,24.42,22.0,0.0,0.0
284.3522650400852,24.42,48.0,0.0,0.0
284.4318709373528,35.0,335.0,4.0,0.0
284.51147683462045,24.42,22.0,0.0,0.0
284.5910827318881,24.42,48.0,0.0,0.0
284.67068862915573,35.0,335.0,4.0,0.0
284.7502945264234,24.42,22.0,0.0,0.0
284.829900423691,24.42,48.0,0.0,0.0
284.90950632095866,35.0,335.0,4.0,0.0
284.9891122182263,24.42,22.0,0.0,0.0
285.06871811549394,24.42,48.0,0.0,0.0
285.1483240127616,35.0,335.0,4.0,0.0
285.2279299100292,24.42,22.0,0.0,0.0
285.30753580729686,24.42,48.0,0.0,0.0
285.3871417045645,35.0,335.0,4.0,0.0
285.46674760183214,24.42,22.0,0.0,0.0
285.5463534990998,24.42,48.0,0.0,0.0
285.6259593963674,35.0,335.0,4.0,0.0
285.70556529363506,24.42,22.0,0.0,0.0
285.7851711909027,24.42,48.0,0.0,0.0
285.86477708817034,35.0,335.0,4.0,0.0
285.944382985438,24.42,22.0,0.0,0.0
286.0239888827056,24.42,48.0,0.0,0.0
286.10359477997326,35.0,335.0,4.0,0.0
286.1832006772409,24.42,22.0,0.0,0.0
286.26280657450855,24.42,48.0,0.0,0.0
286.3424124717762,35.0,335.0,4.0,0.0
286.4220183690438,24.42,22.0,0.0,0.0
286.50162426631147,24.42,48.0,0.0,0.0
286.5812301635791,35.0,335.0,4.0,0.0
286.66083606084675,24.42,22.0,0.0,0.0
286.7404419581144,24.42,48.0,0.0,0.0
286.82004785538203,35.0,335.0,4.0,0.0
286.89965375264967,24.42,22.0,0.0,0.0
286.9792596499173,24.42,48.0,0.0,0.0
287.05886554718495,35.0,335.0,4.0,0.0
287.1384714444526,24.42,22.0,0.0,0.0
287.21807734172023,24.42,48.0,0.0,0.0
287.2976832389879,35.0,335.0,4.0,0.0
287.3772891362555,24.42,22.0,0.0,0.0
287.45689503352315,24.42,48.0,0.0,0.0
287.5365009307908,35.0,335.0,4.0,0.0
287.61610682805843,24.42,22.0,0.0,0.0
287.6957127253261,24.42,48.0,0.0,0.0
287.7753186225937,35.0,335.0,4.0,0.0
287.85492451986136,24.42,22.0,0.0,0.0
287.934530417129,24.42,48.0,0.0,0.0
288.01413631439664,35.0,335.0,4.0,0.0
288.0937422116643,24.42,22.0,0.0,0.0
288.1733481089319,24.42,48.0,0.0,0.0
288.25295400619956,35.0,335.0,4.0,0.0
288.3325599034672,24.42,22.0,0.0,0.0
288.41216580073484,24.42,48.0,0.0,0.0
288.4917716980025,35.0,335.0,4.0,0.0
288.5713775952701,24.42,22.0,0.0,0.0
288.65098349253776,24.42,48.0,0.0,0.0
288.7305893898054,35.0,335.0,4.0,0.0
288.81019528707304,24.42,22.0,0.0,0.0
288.8898011843407,24.42,48.0,0.0,0.0
288.9694070816083,35.0,335.0,4.0,0.0
289.04901297887596,24.42,22.0,0.0,0.0
289.1286188761436,24.42,48.0,0.0,0.0
289.20822477341125,35.0,335.0,4.0,0.0
289.2878306706789,24.42,22.0,0.0,0.0
289.3674365679465,24.42,48.0,0.0,0.0
289.44704246521417,35.0,335.0,4.0,0.0
289.5266483624818,24.42,22.0,0.0,0.0
289.60625425974945,24.42,48.0,0.0,0.0
289.6858601570171,35.0,335.0,4.0,0.0
289.76546605428473,24.42,22.0,0.0,0.0
289.84507195155237,24.42,48.0,0.0,0.0
289.92467784882,35.0,335.0,4.0,0.0
290.00428374608765,24.42,22.0,0.0,0.0
290.0838896433553,24.42,48.0,0.0,0.0
290.16349554062293,35.0,335.0,4.0,0.0
290.2431014378906,24.42,22.0,0.0,0.0
290.3227073351582,24.42,48.0,0.0,0.0
290.40231323242585,35.0,335.0,4.0,0.0
290.4819191296935,24.42,22.0,0.0,0.0
290.56152502696114,24.42,48.0,0.0,0.0
290.6411309242288,35.0,335.0,4.0,0.0
290.7207368214964,24.42,22.0,0.0,0.0
290.80034271876406,24.42,48.0,0.0,0.0
290.8799486160317,35.0,335.0,4.0,0.0
290.95955451329934,24.42,22.0,0.0,0.0
291.039160410567,24.42,48.0,0.0,0.0
291.1187663078346,35.0,335.0,4.0,0.0
291.19837220510226,24.42,22.0,0.0,0.0
291.2779781023699,24.42,48.0,0.0,0.0
291.35758399963754,35.0,335.0,4.0,0.0
291.4371898969052,24.42,22.0,0.0,0.0
291.5167957941728,24.42,48.0,0.0,0.0
291.59640169144046,35.0,335.0,4.0,0.0
291.6760075887081,24.42,22.0,0.0,0.0
291.75561348597574,24.42,48.0,0.0,0.0
291.8352193832434,35.0,335.0,4.0,0.0
291.914825280511,24.42,22.0,0.0,0.0
291.99443117777867,24.42,48.0,0.0,0.0
292.0740370750463,35.0,335.0,4.0,0.0
292.15364297231395,24.42,22.0,0.0,0.0
292.2332488695816,24.42,48.0,0.0,0.0
292.3128547668492,35.0,335.0,4.0,0.0
292.39246066411687,24.42,22.0,0.0,0.0
292.4720665613845,24.42,48.0,0.0,0.0
292.55167245865215,35.0,335.0,4.0,0.0
292.6312783559198,24.42,22.0,0.0,0.0
292.71088425318743,24.42,48.0,0.0,0.0
292.79049015045507,35.0,335.0,4.0,0.0
292.8700960477227,24.42,22.0,0.0,0.0
292.94970194499035,24.42,48.0,0.0,0.0
293.029307842258,35.0,335.0,4.0,0.0
293.10891373952563,24.42,22.0,0.0,0.0
293.1885196367933,24.42,48.0,0.0,0.0
293.2681255340609,35.0,335.0,4.0,0.0
293.34773143132855,24.42,22.0,0.0,0.0
293.4273373285962,24.42,48.0,0.0,0.0
293.50694322586384,35.0,335.0,4.0,0.0
293.5865491231315,24.42,22.0,0.0,0.0
293.6661550203991,24.42,48.0,0.0,0.0
293.74576091766676,35.0,335.0,4.0,0.0
293.8253668149344,24.42,22.0,0.0,0.0
293.90497271220204,24.42,48.0,0.0,0.0
293.9845786094697,35.0,335.0,4.0,0.0
294.0641845067373,24.42,22.0,0.0,0.0
294.14379040400496,24.42,48.0,0.0,0.0
294.2233963012726,35.0,335.0,4.0,0.0
294.30300219854024,24.42,22.0,0.0,0.0
294.3826080958079,24.42,48.0,0.0,0.0
294.4622139930755,35.0,335.0,4.0,0.0
294.54181989034316,24.42,22.0,0.0,0.0
294.6214257876108,24.42,48.0,0.0,0.0
294.70103168487844,35.0,335.0,4.0,0.0
294.7806375821461,24.42,22.0,0.0,0.0
294.8602434794137,24.42,48.0,0.0,0.0
294.93984937668137,35.0,335.0,4.0,0.0
295.019455273949,24.42,22.0,0.0,0.0
295.09906117121665,24.42,48.0,0.0,0.0
295.1786670684843,35.0,335.0,4.0,0.0
295.2582729657519,24.42,22.0,0.0,0.0
295.33787886301957,24.42,48.0,0.0,0.0
295.4174847602872,35.0,335.0,4.0,0.0
295.49709065755485,24.42,22.0,0.0,0.0
295.5766965548225,24.42,48.0,0.0,0.0
295.65630245209013,35.0,335.0,4.0,0.0
295.73590834935777,24.42,22.0,0.0,0.0
295.8155142466254,24.42,48.0,0.0,0.0
295.89512014389305,35.0,335.0,4.0,0.0
295.9747260411607,24.42,22.0,0.0,0.0
296.05433193842833,24.42,48.0,0.0,0.0
296.133937835696,35.0,335.0,4.0,0.0
296.2135437329636,24.42,22.0,0.0,0.0
296.29314963023126,24.42,48.0,0.0,0.0
296.3727555274989,35.0,335.0,4.0,0.0
296.45236142476654,24.42,22.0,0.0,0.0
296.5319673220342,24.42,48.0,0.0,0.0
296.6115732193018,35.0,335.0,4.0,0.0
296.69117911656946,24.42,22.0,0.0,0.0
296.7707850138371,24.42,48.0,0.0,0.0
296.85039091110474,35.0,335.0,4.0,0.0
296.9299968083724,24.42,22.0,0.0,0.0
297.00960270564,24.42,48.0,0.0,0.0
297.08920860290766,35.0,335.0,4.0,0.0
297.1688145001753,24.42,22.0,0.0,0.0
297.24842039744294,24.42,48.0,0.0,0.0
297.3280262947106,35.0,335.0,4.0,0.0
297.4076321919782,24.42,22.0,0.0,0.0
297.48723808924586,24.42,48.0,0.0,0.0
297.5668439865135,35.0,335.0,4.0,0.0
297.64644988378114,24.42,22.0,0.0,0.0
297.7260557810488,24.42,48.0,0.0,0.0
297.8056616783164,35.0,335.0,4.0,0.0
297.88526757558407,24.42,22.0,0.0,0.0
297.9648734728517,24.42,48.0,0.0,0.0
298.04447937011935,35.0,335.0,4.0,0.0
298.124085267387,24.42,22.0,0.0,0.0
298.20369116465463,24.42,48.0,0.0,0.0
298.28329706192227,35.0,335.0,4.0,0.0
298.3629029591899,24.42,22.0,0.0,0.0
298.44250885645755,24.42,48.0,0.0,0.0
298.5221147537252,35.0,335.0,4.0,0.0
298.60172065099283,24.42,22.0,0.0,0.0
298.6813265482605,24.42,48.0,0.0,0.0
298.7609324455281,35.0,335.0,4.0,0.0
298.84053834279575,24.42,22.0,0.0,0.0
298.9201442400634,24.42,48.0,0.0,0.0
298.99975013733103,35.0,335.0,4.0,0.0
299.0793560345987,24.42,22.0,0.0,0.0
299.1589619318663,24.42,48.0,0.0,0.0
299.23856782913396,35.0,335.0,4.0,0.0
299.3181737264016,24.42,22.0,0.0,0.0
299.39777962366924,24.42,48.0,0.0,0.0
299.4773855209369,35.0,335.0,4.0,0.0
299.5569914182045,24.42,22.0,0.0,0.0
299.63659731547216,24.42,48.0,0.0,0.0
299.7162032127398,35.0,335.0,4.0,0.0
299.79580911000744,24.42,22.0,0.0,0.0
299.8754150072751,24.42,48.0,0.0,0.0
299.9550209045427,35.0,335.0,4.0,0.0
300.03462680181036,24.42,22.0,0.0,0.0
300.114232699078,24.42,48.0,0.0,0.0
300.19383859634564,35.0,335.0,4.0,0.0
300.2734444936133,24.42,22.0,0.0,0.0
300.3530503908809,24.42,48.0,0.0,0.0
300.43265628814856,35.0,335.0,4.0,0.0
300.5122621854162,24.42,22.0,0.0,0.0
300.59186808268385,24.42,48.0,0.0,0.0
300.6714739799515,35.0,335.0,4.0,0.0
300.7510798772191,24.42,22.0,0.0,0.0
300.83068577448677,24.42,48.0,0.0,0.0
300.9102916717544,35.0,335.0,4.0,0.0
300.98989756902205,24.42,22.0,0.0,0.0
301.0695034662897,24.42,48.0,0.0,0.0
301.14910936355733,35.0,335.0,4.0,0.0
301.22871526082497,24.42,22.0,0.0,0.0
301.3083211580926,24.42,48.0,0.0,0.0
301.38792705536025,35.0,335.0,4.0,0.0
301.4675329526279,24.42,22.0,0.0,0.0
301.54713884989553,24.42,48.0,0.0,0.0
301.6267447471632,35.0,335.0,4.0,0.0
301.7063506444308,24.42,22.0,0.0,0.0
301.78595654169845,24.42,48.0,0.0,0.0
301.8655624389661,35.0,335.0,4.0,0.0
301.94516833623373,24.42,22.0,0.0,0.0
302.0247742335014,24.42,48.0,0.0,0.0
302.104380130769,35.0,335.0,4.0,0.0
302.18398602803666,24.42,22.0,0.0,0.0
302.2635919253043,24.42,48.0,0.0,0.0
302.34319782257194,35.0,335.0,4.0,0.0
302.4228037198396,24.42,22.0,0.0,0.0
302.5024096171072,24.42,48.0,0.0,0.0
302.58201551437486,35.0,335.0,4.0,0.0
302.6616214116425,24.42,22.0,0.0,0.0
302.74122730891014,24.42,48.0,0.0,0.0
302.8208332061778,35.0,335.0,4.0,0.0
302.9004391034454,24.42,22.0,0.0,0.0
302.98004500071306,24.42,48.0,0.0,0.0
303.0596508979807,35.0,335.0,4.0,0.0
303.13925679524834,24.42,22.0,0.0,0.0
303.218862692516,24.42,48.0,0.0,0.0
303.2984685897836,35.0,335.0,4.0,0.0
303.37807448705126,24.42,22.0,0.0,0.0
303.4576803843189,24.42,48.0,0.0,0.0
303.53728628158655,35.0,335.0,4.0,0.0
303.6168921788542,24.42,22.0,0.0,0.0
303.6964980761218,24.42,48.0,0.0,0.0
303.77610397338947,35.0,335.0,4.0,0.0
303.8557098706571,24.42,22.0,0.0,0.0
303.93531576792475,24.42,48.0,0.0,0.0
304.0149216651924,35.0,335.0,4.0,0.0
304.09452756246003,24.42,22.0,0.0,0.0
304.17413345972767,24.42,48.0,0.0,0.0
304.2537393569953,35.0,335.0,4.0,0.0
304.33334525426295,24.42,22.0,0.0,0.0
304.4129511515306,24.42,48.0,0.0,0.0
304.49255704879823,35.0,335.0,4.0,0.0
304.5721629460659,24.42,22.0,0.0,0.0
304.6517688433335,24.42,48.0,0.0,0.0
304.73137474060115,35.0,335.0,4.0,0.0
304.8109806378688,24.42,22.0,0.0,0.0
304.89058653513644,24.42,48.0,0.0,0.0
304.9701924324041,35.0,335.0,4.0,0.0
305.0497983296717,24.42,22.0,0.0,0.0
305.12940422693936,24.42,48.0,0.0,0.0
305.209010124207,35.0,335.0,4.0,0.0
305.28861602147464,24.42,22.0,0.0,0.0
305.3682219187423,24.42,48.0,0.0,0.0
305.4478278160099,35.0,335.0,4.0,0.0
305.52743371327756,24.42,22.0,0.0,0.0
305.6070396105452,24.42,48.0,0.0,0.0
305.68664550781284,35.0,335.0,4.0,0.0
305.7662514050805,24.42,22.0,0.0,0.0
305.8458573023481,24.42,48.0,0.0,0.0
305.92546319961576,35.0,335.0,4.0,0.0
306.0050690968834,24.42,22.0,0.0,0.0
306.08467499415104,24.42,48.0,0.0,0.0
306.1642808914187,35.0,335.0,4.0,0.0
306.2438867886863,24.42,22.0,0.0,0.0
306.32349268595397,24.42,48.0,0.0,0.0
306.4030985832216,35.0,335.0,4.0,0.0
306.48270448048925,24.42,22.0,0.0,0.0
306.5623103777569,24.42,48.0,0.0,0.0
306.6419162750245,35.0,335.0,4.0,0.0
306.72152217229217,24.42,22.0,0.0,0.0
306.8011280695598,24.42,48.0,0.0,0.0
306.88073396682745,35.0,335.0,4.0,0.0
306.9603398640951,24.42,22.0,0.0,0.0
307.03994576136273,24.42,48.0,0.0,0.0
307.11955165863037,35.0,335.0,4.0,0.0
307.199157555898,24.42,22.0,0.0,0.0
307.27876345316565,24.42,48.0,0.0,0.0
307.3583693504333,35.0,335.0,4.0,0.0
307.43797524770093,24.42,22.0,0.0,0.0
307.5175811449686,24.42,48.0,0.0,0.0
307.5971870422362,35.0,335.0,4.0,0.0
307.67679293950385,24.42,22.0,0.0,0.0
307.7563988367715,24.42,48.0,0.0,0.0
307.83600473403914,35.0,335.0,4.0,0.0
307.9156106313068,24.42,22.0,0.0,0.0
307.9952165285744,24.42,48.0,0.0,0.0
308.07482242584206,35.0,335.0,4.0,0.0
308.1544283231097,24.42,22.0,0.0,0.0
308.23403422037734,24.42,48.0,0.0,0.0
308.313640117645,35.0,335.0,4.0,0.0
308.3932460149126,24.42,22.0,0.0,0.0
308.47285191218026,24.42,48.0,0.0,0.0
308.5524578094479,35.0,335.0,4.0,0.0
308.63206370671554,24.42,22.0,0.0,0.0
308.7116696039832,24.42,48.0,0.0,0.0
308.7912755012508,35.0,335.0,4.0,0.0
308.87088139851846,24.42,22.0,0.0,0.0
308.9504872957861,24.42,48.0,0.0,0.0
309.03009319305374,35.0,335.0,4.0,0.0
309.1096990903214,24.42,22.0,0.0,0.0
309.189304987589,24.42,48.0,0.0,0.0
309.26891088485667,35.0,335.0,4.0,0.0
309.3485167821243,24.42,22.0,0.0,0.0
309.42812267939195,24.42,48.0,0.0,0.0
309.5077285766596,35.0,335.0,4.0,0.0
309.5873344739272,24.42,22.0,0.0,0.0
309.66694037119487,24.42,48.0,0.0,0.0
309.7465462684625,35.0,335.0,4.0,0.0
309.82615216573015,24.42,22.0,0.0,0.0
309.9057580629978,24.42,48.0,0.0,0.0
309.98536396026543,35.0,335.0,4.0,0.0
310.0649698575331,24.42,22.0,0.0,0.0
310.1445757548007,24.42,48.0,0.0,0.0
310.22418165206835,35.0,335.0,4.0,0.0
310.303787549336,24.42,22.0,0.0,0.0
310.38339344660363,24.42,48.0,0.0,0.0
310.4629993438713,35.0,335.0,4.0,0.0
310.5426052411389,24.42,22.0,0.0,0.0
310.62221113840656,24.42,48.0,0.0,0.0
310.7018170356742,35.0,335.0,4.0,0.0
310.78142293294184,24.42,22.0,0.0,0.0
310.8610288302095,24.42,48.0,0.0,0.0
310.9406347274771,35.0,335.0,4.0,0.0
311.02024062474476,24.42,22.0,0.0,0.0
311.0998465220124,24.42,48.0,0.0,0.0
311.17945241928004,35.0,335.0,4.0,0.0
311.2590583165477,24.42,22.0,0.0,0.0
311.3386642138153,24.42,48.0,0.0,0.0
311.41827011108296,35.0,335.0,4.0,0.0
311.4978760083506,24.42,22.0,0.0,0.0
311.57748190561824,24.42,48.0,0.0,0.0
311.6570878028859,35.0,335.0,4.0,0.0
311.7366937001535,24.42,22.0,0.0,0.0
311.81629959742116,24.42,48.0,0.0,0.0
311.8959054946888,35.0,335.0,4.0,0.0
311.97551139195645,24.42,22.0,0.0,0.0
312.0551172892241,24.42,48.0,0.0,0.0
312.1347231864917,35.0,335.0,4.0,0.0
312.21432908375937,24.42,22.0,0.0,0.0
312.293934981027,24.42,48.0,0.0,0.0
312.37354087829465,35.0,335.0,4.0,0.0
312.4531467755623,24.42,22.0,0.0,0.0
312.53275267282993,24.42,48.0,0.0,0.0
312.61235857009757,35.0,335.0,4.0,0.0
312.6919644673652,24.42,22.0,0.0,0.0
312.77157036463285,24.42,48.0,0.0,0.0
312.8511762619005,35.0,335.0,4.0,0.0
312.93078215916813,24.42,22.0,0.0,0.0
313.0103880564358,24.42,48.0,0.0,0.0
313.0899939537034,35.0,335.0,4.0,0.0
313.16959985097105,24.42,22.0,0.0,0.0
313.2492057482387,24.42,48.0,0.0,0.0
313.32881164550633,35.0,335.0,4.0,0.0
313.408417542774,24.42,22.0,0.0,0.0
313.4880234400416,24.42,48.0,0.0,0.0
313.56762933730926,35.0,335.0,4.0,0.0
313.6472352345769,24.42,22.0,0.0,0.0
313.72684113184454,24.42,48.0,0.0,0.0
313.8064470291122,35.0,335.0,4.0,0.0
313.8860529263798,24.42,22.0,0.0,0.0
313.96565882364746,24.42,48.0,0.0,0.0
314.0452647209151,35.0,335.0,4.0,0.0
314.12487061818274,24.42,22.0,0.0,0.0
314.2044765154504,24.42,48.0,0.0,0.0
314.284082412718,35.0,335.0,4.0,0.0
314.36368830998566,24.42,22.0,0.0,0.0
314.4432942072533,24.42,48.0,0.0,0.0
314.52290010452094,35.0,335.0,4.0,0.0
314.6025060017886,24.42,22.0,0.0,0.0
314.6821118990562,24.42,48.0,0.0,0.0
314.76171779632386,35.0,335.0,4.0,0.0
314.8413236935915,24.42,22.0,0.0,0.0
314.92092959085915,24.42,48.0,0.0,0.0
315.0005354881268,35.0,335.0,4.0,0.0
315.0801413853944,24.42,22.0,0.0,0.0
315.15974728266207,24.42,48.0,0.0,0.0
315.2393531799297,35.0,335.0,4.0,0.0
315.31895907719735,24.42,22.0,0.0,0.0
315.398564974465,24.42,48.0,0.0,0.0
315.47817087173263,35.0,335.0,4.0,0.0
315.55777676900027,24.42,22.0,0.0,0.0
315.6373826662679,24.42,48.0,0.0,0.0
315.71698856353555,35.0,335.0,4.0,0.0
315.7965944608032,24.42,22.0,0.0,0.0
315.87620035807083,24.42,48.0,0.0,0.0
315.9558062553385,35.0,335.0,4.0,0.0
316.0354121526061,24.42,22.0,0.0,0.0
316.11501804987375,24.42,48.0,0.0,0.0
316.1946239471414,35.0,335.0,4.0,0.0
316.27422984440904,24.42,22.0,0.0,0.0
316.3538357416767,24.42,48.0,0.0,0.0
316.4334416389443,35.0,335.0,4.0,0.0
316.51304753621196,24.42,22.0,0.0,0.0
316.5926534334796,24.42,48.0,0.0,0.0
316.67225933074724,35.0,335.0,4.0,0.0
316.7518652280149,24.42,22.0,0.0,0.0
316.8314711252825,24.42,48.0,0.0,0.0
316.91107702255016,35.0,335.0,4.0,0.0
316.9906829198178,24.42,22.0,0.0,0.0
317.07028881708544,24.42,48.0,0.0,0.0
317.1498947143531,35.0,335.0,4.0,0.0
317.2295006116207,24.42,22.0,0.0,0.0
317.30910650888836,24.42,48.0,0.0,0.0
317.388712406156,35.0,335.0,4.0,0.0
317.46831830342364,24.42,22.0,0.0,0.0
317.5479242006913,24.42,48.0,0.0,0.0
317.6275300979589,35.0,335.0,4.0,0.0
317.70713599522657,24.42,22.0,0.0,0.0
317.7867418924942,24.42,48.0,0.0,0.0
317.86634778976185,35.0,335.0,4.0,0.0
317.9459536870295,24.42,22.0,0.0,0.0
318.0255595842971,24.42,48.0,0.0,0.0
318.10516548156477,35.0,335.0,4.0,0.0
318.1847713788324,24.42,22.0,0.0,0.0
318.26437727610005,24.42,48.0,0.0,0.0
318.3439831733677,35.0,335.0,4.0,0.0
318.42358907063533,24.42,22.0,0.0,0.0
318.50319496790297,24.42,48.0,0.0,0.0
318.5828008651706,35.0,335.0,4.0,0.0
318.66240676243825,24.42,22.0,0.0,0.0
318.7420126597059,24.42,48.0,0.0,0.0
318.82161855697353,35.0,335.0,4.0,0.0
318.9012244542412,24.42,22.0,0.0,0.0
318.9808303515088,24.42,48.0,0.0,0.0
319.06043624877645,35.0,335.0,4.0,0.0
319.1400421460441,24.42,22.0,0.0,0.0
319.21964804331174,24.42,48.0,0.0,0.0
319.2992539405794,35.0,335.0,4.0,0.0
319.378859837847,24.42,22.0,0.0,0.0
319.45846573511466,24.42,48.0,0.0,0.0
319.5380716323823,35.0,335.0,4.0,0.0
319.61767752964994,24.42,22.0,0.0,0.0
319.6972834269176,24.42,48.0,0.0,0.0
319.7768893241852,35.0,335.0,4.0,0.0
319.85649522145286,24.42,22.0,0.0,0.0
319.9361011187205,24.42,48.0,0.0,0.0
320.01570701598814,35.0,335.0,4.0,0.0
320.0953129132558,24.42,22.0,0.0,0.0
320.1749188105234,24.42,48.0,0.0,0.0
320.25452470779106,35.0,335.0,4.0,0.0
320.3341306050587,24.42,22.0,0.0,0.0
320.41373650232634,24.42,48.0,0.0,0.0
320.493342399594,35.0,335.0,4.0,0.0
320.5729482968616,24.42,22.0,0.0,0.0
320.65255419412927,24.42,48.0,0.0,0.0
320.7321600913969,35.0,335.0,4.0,0.0
320.81176598866455,24.42,22.0,0.0,0.0
320.8913718859322,24.42,48.0,0.0,0.0
320.9709777831998,35.0,335.0,4.0,0.0
321.05058368046747,24.42,22.0,0.0,0.0
321.1301895777351,24.42,48.0,0.0,0.0
321.20979547500275,35.0,335.0,4.0,0.0
321.2894013722704,24.42,22.0,0.0,0.0
321.36900726953803,24.42,48.0,0.0,0.0
321.44861316680567,35.0,335.0,4.0,0.0
321.5282190640733,24.42,22.0,0.0,0.0
321.60782496134095,24.42,48.0,0.0,0.0
321.6874308586086,35.0,335.0,4.0,0.0
321.76703675587623,24.42,22.0,0.0,0.0
321.8466426531439,24.42,48.0,0.0,0.0
321.9262485504115,35.0,335.0,4.0,0.0
322.00585444767916,24.42,22.0,0.0,0.0
322.0854603449468,24.42,48.0,0.0,0.0
322.16506624221444,35.0,335.0,4.0,0.0
322.2446721394821,24.42,22.0,0.0,0.0
322.3242780367497,24.42,48.0,0.0,0.0
322.40388393401736,35.0,335.0,4.0,0.0
322.483489831285,24.42,22.0,0.0,0.0
322.56309572855264,24.42,48.0,0.0,0.0
322.6427016258203,35.0,335.0,4.0,0.0
322.7223075230879,24.42,22.0,0.0,0.0
322.80191342035556,24.42,48.0,0.0,0.0
322.8815193176232,35.0,335.0,4.0,0.0
322.96112521489084,24.42,22.0,0.0,0.0
323.0407311121585,24.42,48.0,0.0,0.0
323.1203370094261,35.0,335.0,4.0,0.0
323.19994290669376,24.42,22.0,0.0,0.0
323.2795488039614,24.42,48.0,0.0,0.0
323.35915470122904,35.0,335.0,4.0,0.0
323.4387605984967,24.42,22.0,0.0,0.0
323.5183664957643,24.42,48.0,0.0,0.0
323.59797239303197,35.0,335.0,4.0,0.0
323.6775782902996,24.42,22.0,0.0,0.0
323.75718418756725,24.42,48.0,0.0,0.0
323.8367900848349,35.0,335.0,4.0,0.0
323.91639598210253,24.42,22.0,0.0,0.0
323.99600187937017,24.42,48.0,0.0,0.0
324.0756077766378,35.0,335.0,4.0,0.0
324.15521367390545,24.42,22.0,0.0,0.0
324.2348195711731,24.42,48.0,0.0,0.0
324.31442546844073,35.0,335.0,4.0,0.0
324.3940313657084,24.42,22.0,0.0,0.0
324.473637262976,24.42,48.0,0.0,0.0
324.55324316024365,35.0,335.0,4.0,0.0
324.6328490575113,24.42,22.0,0.0,0.0
324.71245495477893,24.42,48.0,0.0,0.0
324.7920608520466,35.0,335.0,4.0,0.0
324.8716667493142,24.42,22.0,0.0,0.0
324.95127264658186,24.42,48.0,0.0,0.0
325.0308785438495,35.0,335.0,4.0,0.0
325.11048444111714,24.42,22.0,0.0,0.0
325.1900903383848,24.42,48.0,0.0,0.0
325.2696962356524,35.0,335.0,4.0,0.0
325.34930213292006,24.42,22.0,0.0,0.0
325.4289080301877,24.42,48.0,0.0,0.0
325.50851392745534,35.0,335.0,4.0,0.0
325.588119824723,24.42,22.0,0.0,0.0
325.6677257219906,24.42,48.0,0.0,0.0
325.74733161925826,35.0,335.0,4.0,0.0
325.8269375165259,24.42,22.0,0.0,0.0
325.90654341379354,24.42,48.0,0.0,0.0
325.9861493110612,35.0,335.0,4.0,0.0
326.0657552083288,24.42,22.0,0.0,0.0
326.14536110559646,24.42,48.0,0.0,0.0
326.2249670028641,35.0,335.0,4.0,0.0
326.30457290013175,24.42,22.0,0.0,0.0
326.3841787973994,24.42,48.0,0.0,0.0
326.463784694667,35.0,335.0,4.0,0.0
326.54339059193467,24.42,22.0,0.0,0.0
326.6229964892023,24.42,48.0,0.0,0.0
326.70260238646995,35.0,335.0,4.0,0.0
326.7822082837376,24.42,22.0,0.0,0.0
326.86181418100523,24.42,48.0,0.0,0.0
326.94142007827287,35.0,335.0,4.0,0.0
327.0210259755405,24.42,22.0,0.0,0.0
327.10063187280815,24.42,48.0,0.0,0.0
327.1802377700758,35.0,335.0,4.0,0.0
327.25984366734343,24.42,22.0,0.0,0.0
327.3394495646111,24.42,48.0,0.0,0.0
327.4190554618787,35.0,335.0,4.0,0.0
327.49866135914635,24.42,22.0,0.0,0.0
327.578267256414,24.42,48.0,0.0,0.0
327.65787315368163,35.0,335.0,4.0,0.0
327.7374790509493,24.42,22.0,0.0,0.0
327.8170849482169,24.42,48.0,0.0,0.0
327.89669084548456,35.0,335.0,4.0,0.0
327.9762967427522,24.42,22.0,0.0,0.0
328.05590264001984,24.42,48.0,0.0,0.0
328.1355085372875,35.0,335.0,4.0,0.0
328.2151144345551,24.42,22.0,0.0,0.0
328.29472033182276,24.42,48.0,0.0,0.0
328.3743262290904,35.0,335.0,4.0,0.0
328.45393212635804,24.42,22.0,0.0,0.0
328.5335380236257,24.42,48.0,0.0,0.0
328.6131439208933,35.0,335.0,4.0,0.0
328.69274981816096,24.42,22.0,0.0,0.0
328.7723557154286,24.42,48.0,0.0,0.0
328.85196161269624,35.0,335.0,4.0,0.0
328.9315675099639,24.42,22.0,0.0,0.0
329.0111734072315,24.42,48.0,0.0,0.0
329.09077930449916,35.0,335.0,4.0,0.0
329.1703852017668,24.42,22.0,0.0,0.0
329.24999109903445,24.42,48.0,0.0,0.0
329.3295969963021,35.0,335.0,4.0,0.0
329.4092028935697,24.42,22.0,0.0,0.0
329.48880879083737,24.42,48.0,0.0,0.0
329.568414688105,35.0,335.0,4.0,0.0
329.64802058537265,24.42,22.0,0.0,0.0
329.7276264826403,24.42,48.0,0.0,0.0
329.80723237990793,35.0,335.0,4.0,0.0
329.88683827717557,24.42,22.0,0.0,0.0
329.9664441744432,24.42,48.0,0.0,0.0
330.04605007171085,35.0,335.0,4.0,0.0
330.1256559689785,24.42,22.0,0.0,0.0
330.20526186624613,24.42,48.0,0.0,0.0
330.2848677635138,35.0,335.0,4.0,0.0
330.3644736607814,24.42,22.0,0.0,0.0
330.44407955804905,24.42,48.0,0.0,0.0
330.5236854553167,35.0,335.0,4.0,0.0
330.60329135258434,24.42,22.0,0.0,0.0
330.682897249852,24.42,48.0,0.0,0.0
330.7625031471196,35.0,335.0,4.0,0.0
330.84210904438726,24.42,22.0,0.0,0.0
330.9217149416549,24.42,48.0,0.0,0.0
331.00132083892254,35.0,335.0,4.0,0.0
331.0809267361902,24.42,22.0,0.0,0.0
331.1605326334578,24.42,48.0,0.0,0.0
331.24013853072546,35.0,335.0,4.0,0.0
331.3197444279931,24.42,22.0,0.0,0.0
331.39935032526074,24.42,48.0,0.0,0.0
331.4789562225284,35.0,335.0,4.0,0.0
331.558562119796,24.42,22.0,0.0,0.0
331.63816801706366,24.42,48.0,0.0,0.0
331.7177739143313,35.0,335.0,4.0,0.0
331.79737981159894,24.42,22.0,0.0,0.0
331.8769857088666,24.42,48.0,0.0,0.0
331.9565916061342,35.0,335.0,4.0,0.0
332.03619750340187,24.42,22.0,0.0,0.0
332.1158034006695,24.42,48.0,0.0,0.0
332.19540929793715,35.0,335.0,4.0,0.0
332.2750151952048,24.42,22.0,0.0,0.0
332.3546210924724,24.42,48.0,0.0,0.0
332.43422698974007,35.0,335.0,4.0,0.0
332.5138328870077,24.42,22.0,0.0,0.0
332.59343878427535,24.42,48.0,0.0,0.0
332.673044681543,35.0,335.0,4.0,0.0
332.75265057881063,24.42,22.0,0.0,0.0
332.83225647607827,24.42,48.0,0.0,0.0
332.9118623733459,35.0,335.0,4.0,0.0
332.99146827061355,24.42,22.0,0.0,0.0
333.0710741678812,24.42,48.0,0.0,0.0
333.15068006514883,35.0,335.0,4.0,0.0
333.2302859624165,24.42,22.0,0.0,0.0
333.3098918596841,24.42,48.0,0.0,0.0
333.38949775695176,35.0,335.0,4.0,0.0
333.4691036542194,24.42,22.0,0.0,0.0
333.54870955148704,24.42,48.0,0.0,0.0
333.6283154487547,35.0,335.0,4.0,0.0
333.7079213460223,24.42,22.0,0.0,0.0
333.78752724328996,24.42,48.0,0.0,0.0
333.8671331405576,35.0,335.0,4.0,0.0
333.94673903782524,24.42,22.0,0.0,0.0
334.0263449350929,24.42,48.0,0.0,0.0
334.1059508323605,35.0,335.0,4.0,0.0
334.18555672962816,24.42,22.0,0.0,0.0
334.2651626268958,24.42,48.0,0.0,0.0
334.34476852416344,35.0,335.0,4.0,0.0
334.4243744214311,24.42,22.0,0.0,0.0
334.5039803186987,24.42,48.0,0.0,0.0
334.58358621596636,35.0,335.0,4.0,0.0
334.663192113234,24.42,22.0,0.0,0.0
334.74279801050164,24.42,48.0,0.0,0.0
334.8224039077693,35.0,335.0,4.0,0.0
334.9020098050369,24.42,22.0,0.0,0.0
334.98161570230457,24.42,48.0,0.0,0.0
335.0612215995722,35.0,335.0,4.0,0.0
335.14082749683985,24.42,22.0,0.0,0.0
335.2204333941075,24.42,48.0,0.0,0.0
335.3000392913751,35.0,335.0,4.0,0.0
335.37964518864277,24.42,22.0,0.0,0.0
335.4592510859104,24.42,48.0,0.0,0.0
335.53885698317805,35.0,335.0,4.0,0.0
335.6184628804457,24.42,22.0,0.0,0.0
335.69806877771333,24.42,48.0,0.0,0.0
335.777674674981,35.0,335.0,4.0,0.0
335.8572805722486,24.42,22.0,0.0,0.0
335.93688646951625,24.42,48.0,0.0,0.0
336.0164923667839,35.0,335.0,4.0,0.0
336.09609826405153,24.42,22.0,0.0,0.0
336.1757041613192,24.42,48.0,0.0,0.0
336.2553100585868,35.0,335.0,4.0,0.0
336.33491595585446,24.42,22.0,0.0,0.0
336.4145218531221,24.42,48.0,0.0,0.0
336.49412775038974,35.0,335.0,4.0,0.0
336.5737336476574,24.42,22.0,0.0,0.0
336.653339544925,24.42,48.0,0.0,0.0
336.73294544219266,35.0,335.0,4.0,0.0
336.8125513394603,24.42,22.0,0.0,0.0
336.89215723672794,24.42,48.0,0.0,0.0
336.9717631339956,35.0,335.0,4.0,0.0
337.0513690312632,24.42,22.0,0.0,0.0
337.13097492853086,24.42,48.0,0.0,0.0
337.2105808257985,35.0,335.0,4.0,0.0
337.29018672306614,24.42,22.0,0.0,0.0
337.3697926203338,24.42,48.0,0.0,0.0
337.4493985176014,35.0,335.0,4.0,0.0
337.52900441486906,24.42,22.0,0.0,0.0
337.6086103121367,24.42,48.0,0.0,0.0
337.68821620940435,35.0,335.0,4.0,0.0
337.767822106672,24.42,22.0,0.0,0.0
337.8474280039396,24.42,48.0,0.0,0.0
337.92703390120727,35.0,335.0,4.0,0.0
338.0066397984749,24.42,22.0,0.0,0.0
338.08624569574255,24.42,48.0,0.0,0.0
338.1658515930102,35.0,335.0,4.0,0.0
338.24545749027783,24.42,22.0,0.0,0.0
338.32506338754547,24.42,48.0,0.0,0.0
338.4046692848131,35.0,335.0,4.0,0.0
338.48427518208075,24.42,22.0,0.0,0.0
338.5638810793484,24.42,48.0,0.0,0.0
338.64348697661603,35.0,335.0,4.0,0.0
338.7230928738837,24.42,22.0,0.0,0.0
338.8026987711513,24.42,48.0,0.0,0.0
338.88230466841895,35.0,335.0,4.0,0.0
338.9619105656866,24.42,22.0,0.0,0.0
339.04151646295423,24.42,48.0,0.0,0.0
339.1211223602219,35.0,335.0,4.0,0.0
339.2007282574895,24.42,22.0,0.0,0.0
339.28033415475716,24.42,48.0,0.0,0.0
339.3599400520248,35.0,335.0,4.0,0.0
339.43954594929244,24.42,22.0,0.0,0.0
339.5191518465601,24.42,48.0,0.0,0.0
339.5987577438277,35.0,335.0,4.0,0.0
339.67836364109536,24.42,22.0,0.0,0.0
339.757969538363,24.42,48.0,0.0,0.0
339.83757543563064,35.0,335.0,4.0,0.0
339.9171813328983,24.42,22.0,0.0,0.0
339.9967872301659,24.42,48.0,0.0,0.0
340.07639312743356,35.0,335.0,4.0,0.0
340.1559990247012,24.42,22.0,0.0,0.0
340.23560492196884,24.42,48.0,0.0,0.0
340.3152108192365,35.0,335.0,4.0,0.0
340.3948167165041,24.42,22.0,0.0,0.0
340.47442261377176,24.42,48.0,0.0,0.0
340.5540285110394,35.0,335.0,4.0,0.0
340.63363440830705,24.42,22.0,0.0,0.0
340.7132403055747,24.42,48.0,0.0,0.0
340.7928462028423,35.0,335.0,4.0,0.0
340.87245210010997,24.42,22.0,0.0,0.0
340.9520579973776,24.42,48.0,0.0,0.0
341.03166389464525,35.0,335.0,4.0,0.0
341.1112697919129,24.42,22.0,0.0,0.0
341.19087568918053,24.42,48.0,0.0,0.0
341.27048158644817,35.0,335.0,4.0,0.0
341.3500874837158,24.42,22.0,0.0,0.0
341.42969338098345,24.42,48.0,0.0,0.0
341.5092992782511,35.0,335.0,4.0,0.0
341.58890517551873,24.42,22.0,0.0,0.0
341.6685110727864,24.42,48.0,0.0,0.0
341.748116970054,35.0,335.0,4.0,0.0
341.82772286732165,24.42,22.0,0.0,0.0
341.9073287645893,24.42,48.0,0.0,0.0
341.98693466185694,35.0,335.0,4.0,0.0
342.0665405591246,24.42,22.0,0.0,0.0
342.1461464563922,24.42,48.0,0.0,0.0
342.22575235365986,35.0,335.0,4.0,0.0
342.3053582509275,24.42,22.0,0.0,0.0
342.38496414819514,24.42,48.0,0.0,0.0
342.4645700454628,35.0,335.0,4.0,0.0
342.5441759427304,24.42,22.0,0.0,0.0
342.62378183999806,24.42,48.0,0.0,0.0
342.7033877372657,35.0,335.0,4.0,0.0
342.78299363453334,24.42,22.0,0.0,0.0
342.862599531801,24.42,48.0,0.0,0.0
342.9422054290686,35.0,335.0,4.0,0.0
343.02181132633626,24.42,22.0,0.0,0.0
343.1014172236039,24.42,48.0,0.0,0.0
343.18102312087154,35.0,335.0,4.0,0.0
343.2606290181392,24.42,22.0,0.0,0.0
343.3402349154068,24.42,48.0,0.0,0.0
343.41984081267447,35.0,335.0,4.0,0.0
343.4994467099421,24.42,22.0,0.0,0.0
343.57905260720975,24.42,48.0,0.0,0.0
343.6586585044774,35.0,335.0,4.0,0.0
343.738264401745,24.42,22.0,0.0,0.0
343.81787029901267,24.42,48.0,0.0,0.0
343.8974761962803,35.0,335.0,4.0,0.0
343.97708209354795,24.42,22.0,0.0,0.0
344.0566879908156,24.42,48.0,0.0,0.0
344.13629388808323,35.0,335.0,4.0,0.0
344.21589978535087,24.42,22.0,0.0,0.0
344.2955056826185,24.42,48.0,0.0,0.0
344.37511157988615,35.0,335.0,4.0,0.0
344.4547174771538,24.42,22.0,0.0,0.0
344.53432337442143,24.42,48.0,0.0,0.0
344.6139292716891,35.0,335.0,4.0,0.0
344.6935351689567,24.42,22.0,0.0,0.0
344.77314106622435,24.42,48.0,0.0,0.0
344.852746963492,35.0,335.0,4.0,0.0
344.93235286075964,24.42,22.0,0.0,0.0
345.0119587580273,24.42,48.0,0.0,0.0
345.0915646552949,35.0,335.0,4.0,0.0
345.17117055256256,24.42,22.0,0.0,0.0
345.2507764498302,24.42,48.0,0.0,0.0
345.33038234709784,35.0,335.0,4.0,0.0
345.4099882443655,24.42,22.0,0.0,0.0
345.4895941416331,24.42,48.0,0.0,0.0
345.56920003890076,35.0,335.0,4.0,0.0
345.6488059361684,24.42,22.0,0.0,0.0
345.72841183343604,24.42,48.0,0.0,0.0
345.8080177307037,35.0,335.0,4.0,0.0
345.8876236279713,24.42,22.0,0.0,0.0
345.96722952523896,24.42,48.0,0.0,0.0
346.0468354225066,35.0,335.0,4.0,0.0
346.12644131977424,24.42,22.0,0.0,0.0
346.2060472170419,24.42,48.0,0.0,0.0
346.2856531143095,35.0,335.0,4.0,0.0
346.36525901157717,24.42,22.0,0.0,0.0
346.4448649088448,24.42,48.0,0.0,0.0
346.52447080611245,35.0,335.0,4.0,0.0
346.6040767033801,24.42,22.0,0.0,0.0
346.6836826006477,24.42,48.0,0.0,0.0
346.76328849791537,35.0,335.0,4.0,0.0
346.842894395183,24.42,22.0,0.0,0.0
346.92250029245065,24.42,48.0,0.0,0.0
347.0021061897183,35.0,335.0,4.0,0.0
347.08171208698593,24.42,22.0,0.0,0.0
347.16131798425357,24.42,48.0,0.0,0.0
347.2409238815212,35.0,335.0,4.0,0.0
347.32052977878885,24.42,22.0,0.0,0.0
347.4001356760565,24.42,48.0,0.0,0.0
347.47974157332413,35.0,335.0,4.0,0.0
347.5593474705918,24.42,22.0,0.0,0.0
347.6389533678594,24.42,48.0,0.0,0.0
347.71855926512706,35.0,335.0,4.0,0.0
347.7981651623947,24.42,22.0,0.0,0.0
347.87777105966234,24.42,48.0,0.0,0.0
347.95737695693,35.0,335.0,4.0,0.0
348.0369828541976,24.42,22.0,0.0,0.0
348.11658875146526,24.42,48.0,0.0,0.0
348.1961946487329,35.0,335.0,4.0,0.0
348.27580054600054,24.42,22.0,0.0,0.0
348.3554064432682,24.42,48.0,0.0,0.0
348.4350123405358,35.0,335.0,4.0,0.0
348.51461823780346,24.42,22.0,0.0,0.0
348.5942241350711,24.42,48.0,0.0,0.0
348.67383003233874,35.0,335.0,4.0,0.0
348.7534359296064,24.42,22.0,0.0,0.0
348.833041826874,24.42,48.0,0.0,0.0
348.91264772414166,35.0,335.0,4.0,0.0
348.9922536214093,24.42,22.0,0.0,0.0
349.07185951867694,24.42,48.0,0.0,0.0
349.1514654159446,35.0,335.0,4.0,0.0
349.2310713132122,24.42,22.0,0.0,0.0
349.31067721047987,24.42,48.0,0.0,0.0
349.3902831077475,35.0,335.0,4.0,0.0
349.46988900501515,24.42,22.0,0.0,0.0
349.5494949022828,24.42,48.0,0.0,0.0
349.62910079955043,35.0,335.0,4.0,0.0
349.70870669681807,24.42,22.0,0.0,0.0
349.7883125940857,24.42,48.0,0.0,0.0
349.86791849135335,35.0,335.0,4.0,0.0
349.947524388621,24.42,22.0,0.0,0.0
350.02713028588863,24.42,48.0,0.0,0.0
350.1067361831563,35.0,335.0,4.0,0.0
350.1863420804239,24.42,22.0,0.0,0.0
350.26594797769155,24.42,48.0,0.0,0.0
350.3455538749592,35.0,335.0,4.0,0.0
350.42515977222683,24.42,22.0,0.0,0.0
350.5047656694945,24.42,48.0,0.0,0.0
350.5843715667621,35.0,335.0,4.0,0.0
350.66397746402976,24.42,22.0,0.0,0.0
350.7435833612974,24.42,48.0,0.0,0.0
350.82318925856504,35.0,335.0,4.0,0.0
350.9027951558327,24.42,22.0,0.0,0.0
350.9824010531003,24.42,48.0,0.0,0.0
351.06200695036796,35.0,335.0,4.0,0.0
351.1416128476356,24.42,22.0,0.0,0.0
351.22121874490324,24.42,48.0,0.0,0.0
351.3008246421709,35.0,335.0,4.0,0.0
351.3804305394385,24.42,22.0,0.0,0.0
351.46003643670616,24.42,48.0,0.0,0.0
351.5396423339738,35.0,335.0,4.0,0.0
351.61924823124144,24.42,22.0,0.0,0.0
351.6988541285091,24.42,48.0,0.0,0.0
351.7784600257767,35.0,335.0,4.0,0.0
351.85806592304436,24.42,22.0,0.0,0.0
351.937671820312,24.42,48.0,0.0,0.0
352.01727771757965,35.0,335.0,4.0,0.0
352.0968836148473,24.42,22.0,0.0,0.0
352.1764895121149,24.42,48.0,0.0,0.0
352.25609540938257,35.0,335.0,4.0,0.0
352.3357013066502,24.42,22.0,0.0,0.0
352.41530720391785,24.42,48.0,0.0,0.0
352.4949131011855,35.0,335.0,4.0,0.0
352.57451899845313,24.42,22.0,0.0,0.0
352.65412489572077,24.42,48.0,0.0,0.0
352.7337307929884,35.0,335.0,4.0,0.0
352.81333669025605,24.42,22.0,0.0,0.0
352.8929425875237,24.42,48.0,0.0,0.0
352.97254848479133,35.0,335.0,4.0,0.0
353.052154382059,24.42,22.0,0.0,0.0
353.1317602793266,24.42,48.0,0.0,0.0
353.21136617659425,35.0,335.0,4.0,0.0
353.2909720738619,24.42,22.0,0.0,0.0
353.37057797112953,24.42,48.0,0.0,0.0
353.4501838683972,35.0,335.0,4.0,0.0
353.5297897656648,24.42,22.0,0.0,0.0
353.60939566293246,24.42,48.0,0.0,0.0
353.6890015602001,35.0,335.0,4.0,0.0
353.76860745746774,24.42,22.0,0.0,0.0
353.8482133547354,24.42,48.0,0.0,0.0
353.927819252003,35.0,335.0,4.0,0.0
354.00742514927066,24.42,22.0,0.0,0.0
354.0870310465383,24.42,48.0,0.0,0.0
354.16663694380594,35.0,335.0,4.0,0.0
354.2462428410736,24.42,22.0,0.0,0.0
354.3258487383412,24.42,48.0,0.0,0.0
354.40545463560886,35.0,335.0,4.0,0.0
354.4850605328765,24.42,22.0,0.0,0.0
354.56466643014414,24.42,48.0,0.0,0.0
354.6442723274118,35.0,335.0,4.0,0.0
354.7238782246794,24.42,22.0,0.0,0.0
354.80348412194706,24.42,48.0,0.0,0.0
354.8830900192147,35.0,335.0,4.0,0.0
354.96269591648235,24.42,22.0,0.0,0.0
355.04230181375,24.42,48.0,0.0,0.0
355.1219077110176,35.0,335.0,4.0,0.0
355.20151360828527,24.42,22.0,0.0,0.0
355.2811195055529,24.42,48.0,0.0,0.0
355.36072540282055,35.0,335.0,4.0,0.0
355.4403313000882,24.42,22.0,0.0,0.0
355.51993719735583,24.42,48.0,0.0,0.0
355.59954309462347,35.0,335.0,4.0,0.0
355.6791489918911,24.42,22.0,0.0,0.0
355.75875488915875,24.42,48.0,0.0,0.0
355.8383607864264,35.0,335.0,4.0,0.0
355.91796668369403,24.42,22.0,0.0,0.0
355.9975725809617,24.42,48.0,0.0,0.0
356.0771784782293,35.0,335.0,4.0,0.0
356.15678437549695,24.42,22.0,0.0,0.0
356.2363902727646,24.42,48.0,0.0,0.0
356.31599617003224,35.0,335.0,4.0,0.0
356.3956020672999,24.42,22.0,0.0,0.0
356.4752079645675,24.42,48.0,0.0,0.0
356.55481386183516,35.0,335.0,4.0,0.0
356.6344197591028,24.42,22.0,0.0,0.0
356.71402565637044,24.42,48.0,0.0,0.0
356.7936315536381,35.0,335.0,4.0,0.0
356.8732374509057,24.42,22.0,0.0,0.0
356.95284334817336,24.42,48.0,0.0,0.0
357.032449245441,35.0,335.0,4.0,0.0
357.11205514270864,24.42,22.0,0.0,0.0
357.1916610399763,24.42,48.0,0.0,0.0
357.2712669372439,35.0,335.0,4.0,0.0
357.35087283451156,24.42,22.0,0.0,0.0
357.4304787317792,24.42,48.0,0.0,0.0
357.51008462904684,35.0,335.0,4.0,0.0
357.5896905263145,24.42,22.0,0.0,0.0
357.6692964235821,24.42,48.0,0.0,0.0
357.74890232084977,35.0,335.0,4.0,0.0
357.8285082181174,24.42,22.0,0.0,0.0
357.90811411538505,24.42,48.0,0.0,0.0
357.9877200126527,35.0,335.0,4.0,0.0
358.0673259099203,24.42,22.0,0.0,0.0
358.14693180718797,24.42,48.0,0.0,0.0
358.2265377044556,35.0,335.0,4.0,0.0
358.30614360172325,24.42,22.0,0.0,0.0
358.3857494989909,24.42,48.0,0.0,0.0
358.46535539625853,35.0,335.0,4.0,0.0
358.54496129352617,24.42,22.0,0.0,0.0
358.6245671907938,24.42,48.0,0.0,0.0
358.70417308806145,35.0,335.0,4.0,0.0
358.7837789853291,24.42,22.0,0.0,0.0
358.86338488259673,24.42,48.0,0.0,0.0
358.9429907798644,35.0,335.0,4.0,0.0
359.022596677132,24.42,22.0,0.0,0.0
359.10220257439966,24.42,48.0,0.0,0.0
359.1818084716673,35.0,335.0,4.0,0.0
359.26141436893494,24.42,22.0,0.0,0.0
359.3410202662026,24.42,48.0,0.0,0.0
359.4206261634702,35.0,335.0,4.0,0.0
359.50023206073786,24.42,22.0,0.0,0.0
359.5798379580055,24.42,48.0,0.0,0.0
359.65944385527314,35.0,335.0,4.0,0.0
359.7390497525408,24.42,22.0,0.0,0.0
359.8186556498084,24.42,48.0,0.0,0.0
359.89826154707606,35.0,335.0,4.0,0.0
359.9778674443437,24.42,22.0,0.0,0.0
360.05747334161134,24.42,48.0,0.0,0.0
