time,power,memory Used,u_gpu,u_memory
0.0,39.84,22.0,0.0,0.0
0.10045814514160156,39.94,22.0,0.0,0.0
0.20091629028320312,39.94,22.0,0.0,0.0
0.3013744354248047,39.94,22.0,0.0,0.0
0.40183258056640625,39.94,22.0,0.0,0.0
0.5022907257080078,39.84,22.0,0.0,0.0
0.6027488708496094,39.94,22.0,0.0,0.0
0.7032070159912109,39.94,22.0,0.0,0.0
0.8036651611328125,39.84,22.0,0.0,0.0
0.9041233062744141,39.94,22.0,0.0,0.0
1.0045814514160156,39.84,22.0,0.0,0.0
1.1050395965576172,39.84,22.0,0.0,0.0
1.2054977416992188,39.94,22.0,0.0,0.0
1.3059558868408203,39.94,22.0,0.0,0.0
1.4064140319824219,39.94,46.0,0.0,0.0
1.5068721771240234,40.71,5285.0,0.0,0.0
1.607330322265625,40.71,5285.0,27.0,1.0
1.7077884674072266,40.71,5285.0,27.0,1.0
1.8082466125488281,40.71,5285.0,37.0,2.0
1.9087047576904297,40.71,5285.0,37.0,2.0
2.0091629028320312,40.71,5285.0,37.0,2.0
2.109621047973633,40.71,5285.0,37.0,2.0
2.2100791931152344,40.71,5285.0,37.0,2.0
2.310537338256836,40.71,5285.0,37.0,2.0
2.4109954833984375,40.71,5285.0,37.0,2.0
2.511453628540039,40.71,5285.0,37.0,2.0
2.6119117736816406,40.71,5285.0,37.0,2.0
2.712369918823242,43.63,25.0,37.0,2.0
2.9132862091064453,39.84,22.0,0.0,0.0
3.013744354248047,39.94,22.0,0.0,0.0
3.1142024993896484,39.94,22.0,0.0,0.0
3.21466064453125,39.94,22.0,0.0,0.0
3.3151187896728516,39.94,22.0,0.0,0.0
3.415576934814453,39.84,22.0,0.0,0.0
3.5160350799560547,39.94,22.0,0.0,0.0
3.6164932250976562,39.94,22.0,0.0,0.0
3.716951370239258,39.84,22.0,0.0,0.0
3.8174095153808594,39.94,22.0,0.0,0.0
3.917867660522461,39.84,22.0,0.0,0.0
4.0183258056640625,39.84,22.0,0.0,0.0
4.118783950805664,39.94,22.0,0.0,0.0
4.219242095947266,39.94,22.0,0.0,0.0
4.319700241088867,39.94,46.0,0.0,0.0
4.420158386230469,40.71,5285.0,0.0,0.0
4.52061653137207,40.71,5285.0,27.0,1.0
4.621074676513672,40.71,5285.0,27.0,1.0
4.721532821655273,40.71,5285.0,37.0,2.0
4.821990966796875,40.71,5285.0,37.0,2.0
4.922449111938477,40.71,5285.0,37.0,2.0
5.022907257080078,40.71,5285.0,37.0,2.0
5.12336540222168,40.71,5285.0,37.0,2.0
5.223823547363281,40.71,5285.0,37.0,2.0
5.324281692504883,40.71,5285.0,37.0,2.0
5.424739837646484,40.71,5285.0,37.0,2.0
5.525197982788086,40.71,5285.0,37.0,2.0
5.6256561279296875,43.63,25.0,37.0,2.0
5.726114273071289,39.84,22.0,0.0,0.0
5.826572418212891,39.94,22.0,0.0,0.0
5.927030563354492,39.94,22.0,0.0,0.0
6.027488708496094,39.94,22.0,0.0,0.0
6.127946853637695,39.94,22.0,0.0,0.0
6.228404998779297,39.84,22.0,0.0,0.0
6.328863143920898,39.94,22.0,0.0,0.0
6.4293212890625,39.94,22.0,0.0,0.0
6.529779434204102,39.84,22.0,0.0,0.0
6.630237579345703,39.94,22.0,0.0,0.0
6.730695724487305,39.84,22.0,0.0,0.0
6.831153869628906,39.84,22.0,0.0,0.0
6.931612014770508,39.94,22.0,0.0,0.0
7.032070159912109,39.94,22.0,0.0,0.0
7.132528305053711,39.94,46.0,0.0,0.0
7.2329864501953125,40.71,5285.0,0.0,0.0
7.333444595336914,40.71,5285.0,27.0,1.0
7.433902740478516,40.71,5285.0,27.0,1.0
7.534360885620117,40.71,5285.0,37.0,2.0
7.634819030761719,40.71,5285.0,37.0,2.0
7.73527717590332,40.71,5285.0,37.0,2.0
7.835735321044922,40.71,5285.0,37.0,2.0
7.936193466186523,40.71,5285.0,37.0,2.0
8.036651611328125,40.71,5285.0,37.0,2.0
8.137109756469727,40.71,5285.0,37.0,2.0
8.237567901611328,40.71,5285.0,37.0,2.0
8.33802604675293,40.71,5285.0,37.0,2.0
8.438484191894531,43.63,25.0,37.0,2.0
8.538942337036133,39.84,22.0,0.0,0.0
8.639400482177734,39.94,22.0,0.0,0.0
8.739858627319336,39.94,22.0,0.0,0.0
8.840316772460938,39.94,22.0,0.0,0.0
8.940774917602539,39.94,22.0,0.0,0.0
9.04123306274414,39.84,22.0,0.0,0.0
9.141691207885742,39.94,22.0,0.0,0.0
9.242149353027344,39.94,22.0,0.0,0.0
9.342607498168945,39.84,22.0,0.0,0.0
9.443065643310547,39.94,22.0,0.0,0.0
9.543523788452148,39.84,22.0,0.0,0.0
9.64398193359375,39.84,22.0,0.0,0.0
9.744440078735352,39.94,22.0,0.0,0.0
9.844898223876953,39.94,22.0,0.0,0.0
9.945356369018555,39.94,46.0,0.0,0.0
10.045814514160156,40.71,5285.0,0.0,0.0
10.146272659301758,40.71,5285.0,27.0,1.0
10.24673080444336,40.71,5285.0,27.0,1.0
10.347188949584961,40.71,5285.0,37.0,2.0
10.447647094726562,40.71,5285.0,37.0,2.0
10.548105239868164,40.71,5285.0,37.0,2.0
10.648563385009766,40.71,5285.0,37.0,2.0
10.749021530151367,40.71,5285.0,37.0,2.0
10.849479675292969,40.71,5285.0,37.0,2.0
10.94993782043457,40.71,5285.0,37.0,2.0
11.050395965576172,40.71,5285.0,37.0,2.0
11.150854110717773,40.71,5285.0,37.0,2.0
11.251312255859375,43.63,25.0,37.0,2.0
11.351770401000977,39.84,22.0,0.0,0.0
11.452228546142578,39.94,22.0,0.0,0.0
11.55268669128418,39.94,22.0,0.0,0.0
11.653144836425781,39.94,22.0,0.0,0.0
11.753602981567383,39.94,22.0,0.0,0.0
11.854061126708984,39.84,22.0,0.0,0.0
11.954519271850586,39.94,22.0,0.0,0.0
12.054977416992188,39.94,22.0,0.0,0.0
12.155435562133789,39.84,22.0,0.0,0.0
12.25589370727539,39.94,22.0,0.0,0.0
12.356351852416992,39.84,22.0,0.0,0.0
12.456809997558594,39.84,22.0,0.0,0.0
12.557268142700195,39.94,22.0,0.0,0.0
12.657726287841797,39.94,22.0,0.0,0.0
12.758184432983398,39.94,46.0,0.0,0.0
12.858642578125,40.71,5285.0,0.0,0.0
12.959100723266602,40.71,5285.0,27.0,1.0
13.059558868408203,40.71,5285.0,27.0,1.0
13.160017013549805,40.71,5285.0,37.0,2.0
13.260475158691406,40.71,5285.0,37.0,2.0
13.360933303833008,40.71,5285.0,37.0,2.0
13.46139144897461,40.71,5285.0,37.0,2.0
13.561849594116211,40.71,5285.0,37.0,2.0
13.662307739257812,40.71,5285.0,37.0,2.0
13.762765884399414,40.71,5285.0,37.0,2.0
13.863224029541016,40.71,5285.0,37.0,2.0
13.963682174682617,40.71,5285.0,37.0,2.0
14.064140319824219,43.63,25.0,37.0,2.0
14.16459846496582,39.84,22.0,0.0,0.0
14.265056610107422,39.94,22.0,0.0,0.0
14.365514755249023,39.94,22.0,0.0,0.0
14.465972900390625,39.94,22.0,0.0,0.0
14.566431045532227,39.94,22.0,0.0,0.0
14.666889190673828,39.84,22.0,0.0,0.0
14.76734733581543,39.94,22.0,0.0,0.0
14.867805480957031,39.94,22.0,0.0,0.0
14.968263626098633,39.84,22.0,0.0,0.0
15.068721771240234,39.94,22.0,0.0,0.0
15.169179916381836,39.84,22.0,0.0,0.0
15.269638061523438,39.84,22.0,0.0,0.0
15.370096206665039,39.94,22.0,0.0,0.0
15.47055435180664,39.94,22.0,0.0,0.0
15.571012496948242,39.94,46.0,0.0,0.0
15.671470642089844,40.71,5285.0,0.0,0.0
15.771928787231445,40.71,5285.0,27.0,1.0
15.872386932373047,40.71,5285.0,27.0,1.0
15.972845077514648,40.71,5285.0,37.0,2.0
16.07330322265625,40.71,5285.0,37.0,2.0
16.17376136779785,40.71,5285.0,37.0,2.0
16.274219512939453,40.71,5285.0,37.0,2.0
16.374677658081055,40.71,5285.0,37.0,2.0
16.475135803222656,40.71,5285.0,37.0,2.0
16.575593948364258,40.71,5285.0,37.0,2.0
16.67605209350586,40.71,5285.0,37.0,2.0
16.77651023864746,40.71,5285.0,37.0,2.0
16.876968383789062,43.63,25.0,37.0,2.0
16.977426528930664,39.84,22.0,0.0,0.0
17.077884674072266,39.94,22.0,0.0,0.0
17.178342819213867,39.94,22.0,0.0,0.0
17.27880096435547,39.94,22.0,0.0,0.0
17.37925910949707,39.94,22.0,0.0,0.0
17.479717254638672,39.84,22.0,0.0,0.0
17.580175399780273,39.94,22.0,0.0,0.0
17.680633544921875,39.94,22.0,0.0,0.0
17.781091690063477,39.84,22.0,0.0,0.0
17.881549835205078,39.94,22.0,0.0,0.0
17.98200798034668,39.84,22.0,0.0,0.0
18.08246612548828,39.84,22.0,0.0,0.0
18.182924270629883,39.94,22.0,0.0,0.0
18.283382415771484,39.94,22.0,0.0,0.0
18.383840560913086,39.94,46.0,0.0,0.0
18.484298706054688,40.71,5285.0,0.0,0.0
18.58475685119629,40.71,5285.0,27.0,1.0
18.68521499633789,40.71,5285.0,27.0,1.0
18.785673141479492,40.71,5285.0,37.0,2.0
18.886131286621094,40.71,5285.0,37.0,2.0
18.986589431762695,40.71,5285.0,37.0,2.0
19.087047576904297,40.71,5285.0,37.0,2.0
19.1875057220459,40.71,5285.0,37.0,2.0
19.2879638671875,40.71,5285.0,37.0,2.0
19.3884220123291,40.71,5285.0,37.0,2.0
19.488880157470703,40.71,5285.0,37.0,2.0
19.589338302612305,40.71,5285.0,37.0,2.0
19.689796447753906,43.63,25.0,37.0,2.0
19.790254592895508,39.84,22.0,0.0,0.0
19.89071273803711,39.94,22.0,0.0,0.0
19.99117088317871,39.94,22.0,0.0,0.0
20.091629028320312,39.94,22.0,0.0,0.0
20.192087173461914,39.94,22.0,0.0,0.0
20.292545318603516,39.84,22.0,0.0,0.0
20.393003463745117,39.94,22.0,0.0,0.0
20.49346160888672,39.94,22.0,0.0,0.0
20.59391975402832,39.84,22.0,0.0,0.0
20.694377899169922,39.94,22.0,0.0,0.0
20.794836044311523,39.84,22.0,0.0,0.0
20.895294189453125,39.84,22.0,0.0,0.0
20.995752334594727,39.94,22.0,0.0,0.0
21.096210479736328,39.94,22.0,0.0,0.0
21.19666862487793,39.94,46.0,0.0,0.0
21.29712677001953,40.71,5285.0,0.0,0.0
21.397584915161133,40.71,5285.0,27.0,1.0
21.498043060302734,40.71,5285.0,27.0,1.0
21.598501205444336,40.71,5285.0,37.0,2.0
21.698959350585938,40.71,5285.0,37.0,2.0
21.79941749572754,40.71,5285.0,37.0,2.0
21.89987564086914,40.71,5285.0,37.0,2.0
22.000333786010742,40.71,5285.0,37.0,2.0
22.100791931152344,40.71,5285.0,37.0,2.0
22.201250076293945,40.71,5285.0,37.0,2.0
22.301708221435547,40.71,5285.0,37.0,2.0
22.40216636657715,40.71,5285.0,37.0,2.0
22.50262451171875,43.63,25.0,37.0,2.0
22.60308265686035,39.84,22.0,0.0,0.0
22.703540802001953,39.94,22.0,0.0,0.0
22.803998947143555,39.94,22.0,0.0,0.0
22.904457092285156,39.94,22.0,0.0,0.0
23.004915237426758,39.94,22.0,0.0,0.0
23.10537338256836,39.84,22.0,0.0,0.0
23.20583152770996,39.94,22.0,0.0,0.0
23.306289672851562,39.94,22.0,0.0,0.0
23.406747817993164,39.84,22.0,0.0,0.0
23.507205963134766,39.94,22.0,0.0,0.0
23.607664108276367,39.84,22.0,0.0,0.0
23.70812225341797,39.84,22.0,0.0,0.0
23.80858039855957,39.94,22.0,0.0,0.0
23.909038543701172,39.94,22.0,0.0,0.0
24.009496688842773,39.94,46.0,0.0,0.0
24.109954833984375,40.71,5285.0,0.0,0.0
24.210412979125977,40.71,5285.0,27.0,1.0
24.310871124267578,40.71,5285.0,27.0,1.0
24.41132926940918,40.71,5285.0,37.0,2.0
24.51178741455078,40.71,5285.0,37.0,2.0
24.612245559692383,40.71,5285.0,37.0,2.0
24.712703704833984,40.71,5285.0,37.0,2.0
24.813161849975586,40.71,5285.0,37.0,2.0
24.913619995117188,40.71,5285.0,37.0,2.0
25.01407814025879,40.71,5285.0,37.0,2.0
25.11453628540039,40.71,5285.0,37.0,2.0
25.214994430541992,40.71,5285.0,37.0,2.0
25.315452575683594,43.63,25.0,37.0,2.0
25.415910720825195,39.84,22.0,0.0,0.0
25.516368865966797,39.94,22.0,0.0,0.0
25.6168270111084,39.94,22.0,0.0,0.0
25.71728515625,39.94,22.0,0.0,0.0
25.8177433013916,39.94,22.0,0.0,0.0
25.918201446533203,39.84,22.0,0.0,0.0
26.018659591674805,39.94,22.0,0.0,0.0
26.119117736816406,39.94,22.0,0.0,0.0
26.219575881958008,39.84,22.0,0.0,0.0
26.32003402709961,39.94,22.0,0.0,0.0
26.42049217224121,39.84,22.0,0.0,0.0
26.520950317382812,39.84,22.0,0.0,0.0
26.621408462524414,39.94,22.0,0.0,0.0
26.721866607666016,39.94,22.0,0.0,0.0
26.822324752807617,39.94,46.0,0.0,0.0
26.92278289794922,40.71,5285.0,0.0,0.0
27.02324104309082,40.71,5285.0,27.0,1.0
27.123699188232422,40.71,5285.0,27.0,1.0
27.224157333374023,40.71,5285.0,37.0,2.0
27.324615478515625,40.71,5285.0,37.0,2.0
27.425073623657227,40.71,5285.0,37.0,2.0
27.525531768798828,40.71,5285.0,37.0,2.0
27.62598991394043,40.71,5285.0,37.0,2.0
27.72644805908203,40.71,5285.0,37.0,2.0
27.826906204223633,40.71,5285.0,37.0,2.0
27.927364349365234,40.71,5285.0,37.0,2.0
28.027822494506836,40.71,5285.0,37.0,2.0
28.128280639648438,43.63,25.0,37.0,2.0
28.22873878479004,39.84,22.0,0.0,0.0
28.32919692993164,39.94,22.0,0.0,0.0
28.429655075073242,39.94,22.0,0.0,0.0
28.530113220214844,39.94,22.0,0.0,0.0
28.630571365356445,39.94,22.0,0.0,0.0
28.731029510498047,39.84,22.0,0.0,0.0
28.83148765563965,39.94,22.0,0.0,0.0
28.93194580078125,39.94,22.0,0.0,0.0
29.03240394592285,39.84,22.0,0.0,0.0
29.132862091064453,39.94,22.0,0.0,0.0
29.233320236206055,39.84,22.0,0.0,0.0
29.333778381347656,39.84,22.0,0.0,0.0
29.434236526489258,39.94,22.0,0.0,0.0
29.53469467163086,39.94,22.0,0.0,0.0
29.63515281677246,39.94,46.0,0.0,0.0
29.735610961914062,40.71,5285.0,0.0,0.0
29.836069107055664,40.71,5285.0,27.0,1.0
29.936527252197266,40.71,5285.0,27.0,1.0
30.036985397338867,40.71,5285.0,37.0,2.0
30.13744354248047,40.71,5285.0,37.0,2.0
30.23790168762207,40.71,5285.0,37.0,2.0
30.338359832763672,40.71,5285.0,37.0,2.0
30.438817977905273,40.71,5285.0,37.0,2.0
30.539276123046875,40.71,5285.0,37.0,2.0
30.639734268188477,40.71,5285.0,37.0,2.0
30.740192413330078,40.71,5285.0,37.0,2.0
30.84065055847168,40.71,5285.0,37.0,2.0
30.94110870361328,43.63,25.0,37.0,2.0
31.041566848754883,39.84,22.0,0.0,0.0
31.142024993896484,39.94,22.0,0.0,0.0
31.242483139038086,39.94,22.0,0.0,0.0
31.342941284179688,39.94,22.0,0.0,0.0
31.44339942932129,39.94,22.0,0.0,0.0
31.54385757446289,39.84,22.0,0.0,0.0
31.644315719604492,39.94,22.0,0.0,0.0
31.744773864746094,39.94,22.0,0.0,0.0
31.845232009887695,39.84,22.0,0.0,0.0
31.945690155029297,39.94,22.0,0.0,0.0
32.0461483001709,39.84,22.0,0.0,0.0
32.1466064453125,39.84,22.0,0.0,0.0
32.2470645904541,39.94,22.0,0.0,0.0
32.3475227355957,39.94,22.0,0.0,0.0
32.447980880737305,39.94,46.0,0.0,0.0
32.548439025878906,40.71,5285.0,0.0,0.0
32.64889717102051,40.71,5285.0,27.0,1.0
32.74935531616211,40.71,5285.0,27.0,1.0
32.84981346130371,40.71,5285.0,37.0,2.0
32.95027160644531,40.71,5285.0,37.0,2.0
33.050729751586914,40.71,5285.0,37.0,2.0
33.151187896728516,40.71,5285.0,37.0,2.0
33.25164604187012,40.71,5285.0,37.0,2.0
33.35210418701172,40.71,5285.0,37.0,2.0
33.45256233215332,40.71,5285.0,37.0,2.0
33.55302047729492,40.71,5285.0,37.0,2.0
33.65347862243652,40.71,5285.0,37.0,2.0
33.753936767578125,43.63,25.0,37.0,2.0
33.85439491271973,39.84,22.0,0.0,0.0
33.95485305786133,39.94,22.0,0.0,0.0
34.05531120300293,39.94,22.0,0.0,0.0
34.15576934814453,39.94,22.0,0.0,0.0
34.25622749328613,39.94,22.0,0.0,0.0
34.356685638427734,39.84,22.0,0.0,0.0
34.457143783569336,39.94,22.0,0.0,0.0
34.55760192871094,39.94,22.0,0.0,0.0
34.65806007385254,39.84,22.0,0.0,0.0
34.75851821899414,39.94,22.0,0.0,0.0
34.85897636413574,39.84,22.0,0.0,0.0
34.959434509277344,39.84,22.0,0.0,0.0
35.059892654418945,39.94,22.0,0.0,0.0
35.16035079956055,39.94,22.0,0.0,0.0
35.26080894470215,39.94,46.0,0.0,0.0
35.36126708984375,40.71,5285.0,0.0,0.0
35.46172523498535,40.71,5285.0,27.0,1.0
35.56218338012695,40.71,5285.0,27.0,1.0
35.662641525268555,40.71,5285.0,37.0,2.0
35.763099670410156,40.71,5285.0,37.0,2.0
35.86355781555176,40.71,5285.0,37.0,2.0
35.96401596069336,40.71,5285.0,37.0,2.0
36.06447410583496,40.71,5285.0,37.0,2.0
36.16493225097656,40.71,5285.0,37.0,2.0
36.265390396118164,40.71,5285.0,37.0,2.0
36.365848541259766,40.71,5285.0,37.0,2.0
36.46630668640137,40.71,5285.0,37.0,2.0
36.56676483154297,43.63,25.0,37.0,2.0
36.66722297668457,39.84,22.0,0.0,0.0
36.76768112182617,39.94,22.0,0.0,0.0
36.86813926696777,39.94,22.0,0.0,0.0
36.968597412109375,39.94,22.0,0.0,0.0
37.06905555725098,39.94,22.0,0.0,0.0
37.16951370239258,39.84,22.0,0.0,0.0
37.26997184753418,39.94,22.0,0.0,0.0
37.37042999267578,39.94,22.0,0.0,0.0
37.47088813781738,39.84,22.0,0.0,0.0
37.571346282958984,39.94,22.0,0.0,0.0
37.671804428100586,39.84,22.0,0.0,0.0
37.77226257324219,39.84,22.0,0.0,0.0
37.87272071838379,39.94,22.0,0.0,0.0
37.97317886352539,39.94,22.0,0.0,0.0
38.07363700866699,39.94,46.0,0.0,0.0
38.174095153808594,40.71,5285.0,0.0,0.0
38.274553298950195,40.71,5285.0,27.0,1.0
38.3750114440918,40.71,5285.0,27.0,1.0
38.4754695892334,40.71,5285.0,37.0,2.0
38.575927734375,40.71,5285.0,37.0,2.0
38.6763858795166,40.71,5285.0,37.0,2.0
38.7768440246582,40.71,5285.0,37.0,2.0
38.877302169799805,40.71,5285.0,37.0,2.0
38.977760314941406,40.71,5285.0,37.0,2.0
39.07821846008301,40.71,5285.0,37.0,2.0
39.17867660522461,40.71,5285.0,37.0,2.0
39.27913475036621,40.71,5285.0,37.0,2.0
39.37959289550781,43.63,25.0,37.0,2.0
39.480051040649414,39.84,22.0,0.0,0.0
39.580509185791016,39.94,22.0,0.0,0.0
39.68096733093262,39.94,22.0,0.0,0.0
39.78142547607422,39.94,22.0,0.0,0.0
39.88188362121582,39.94,22.0,0.0,0.0
39.98234176635742,39.84,22.0,0.0,0.0
40.08279991149902,39.94,22.0,0.0,0.0
40.183258056640625,39.94,22.0,0.0,0.0
40.28371620178223,39.84,22.0,0.0,0.0
40.38417434692383,39.94,22.0,0.0,0.0
40.48463249206543,39.84,22.0,0.0,0.0
40.58509063720703,39.84,22.0,0.0,0.0
40.68554878234863,39.94,22.0,0.0,0.0
40.786006927490234,39.94,22.0,0.0,0.0
40.886465072631836,39.94,46.0,0.0,0.0
40.98692321777344,40.71,5285.0,0.0,0.0
41.08738136291504,40.71,5285.0,27.0,1.0
41.18783950805664,40.71,5285.0,27.0,1.0
41.28829765319824,40.71,5285.0,37.0,2.0
41.388755798339844,40.71,5285.0,37.0,2.0
41.489213943481445,40.71,5285.0,37.0,2.0
41.58967208862305,40.71,5285.0,37.0,2.0
41.69013023376465,40.71,5285.0,37.0,2.0
41.79058837890625,40.71,5285.0,37.0,2.0
41.89104652404785,40.71,5285.0,37.0,2.0
41.99150466918945,40.71,5285.0,37.0,2.0
42.091962814331055,40.71,5285.0,37.0,2.0
42.192420959472656,43.63,25.0,37.0,2.0
42.29287910461426,39.84,22.0,0.0,0.0
42.39333724975586,39.94,22.0,0.0,0.0
42.49379539489746,39.94,22.0,0.0,0.0
42.59425354003906,39.94,22.0,0.0,0.0
42.694711685180664,39.94,22.0,0.0,0.0
42.795169830322266,39.84,22.0,0.0,0.0
42.89562797546387,39.94,22.0,0.0,0.0
42.99608612060547,39.94,22.0,0.0,0.0
43.09654426574707,39.84,22.0,0.0,0.0
43.19700241088867,39.94,22.0,0.0,0.0
43.29746055603027,39.84,22.0,0.0,0.0
43.397918701171875,39.84,22.0,0.0,0.0
43.49837684631348,39.94,22.0,0.0,0.0
43.59883499145508,39.94,22.0,0.0,0.0
43.69929313659668,39.94,46.0,0.0,0.0
43.79975128173828,40.71,5285.0,0.0,0.0
43.90020942687988,40.71,5285.0,27.0,1.0
44.000667572021484,40.71,5285.0,27.0,1.0
44.101125717163086,40.71,5285.0,37.0,2.0
44.20158386230469,40.71,5285.0,37.0,2.0
44.30204200744629,40.71,5285.0,37.0,2.0
44.40250015258789,40.71,5285.0,37.0,2.0
44.50295829772949,40.71,5285.0,37.0,2.0
44.603416442871094,40.71,5285.0,37.0,2.0
44.703874588012695,40.71,5285.0,37.0,2.0
44.8043327331543,40.71,5285.0,37.0,2.0
44.9047908782959,40.71,5285.0,37.0,2.0
45.0052490234375,43.63,25.0,37.0,2.0
45.1057071685791,39.84,22.0,0.0,0.0
45.2061653137207,39.94,22.0,0.0,0.0
45.306623458862305,39.94,22.0,0.0,0.0
45.407081604003906,39.94,22.0,0.0,0.0
45.50753974914551,39.94,22.0,0.0,0.0
45.60799789428711,39.84,22.0,0.0,0.0
45.70845603942871,39.94,22.0,0.0,0.0
45.80891418457031,39.94,22.0,0.0,0.0
45.909372329711914,39.84,22.0,0.0,0.0
46.009830474853516,39.94,22.0,0.0,0.0
46.11028861999512,39.84,22.0,0.0,0.0
46.21074676513672,39.84,22.0,0.0,0.0
46.31120491027832,39.94,22.0,0.0,0.0
46.41166305541992,39.94,22.0,0.0,0.0
46.51212120056152,39.94,46.0,0.0,0.0
46.612579345703125,40.71,5285.0,0.0,0.0
46.71303749084473,40.71,5285.0,27.0,1.0
46.81349563598633,40.71,5285.0,27.0,1.0
46.91395378112793,40.71,5285.0,37.0,2.0
47.01441192626953,40.71,5285.0,37.0,2.0
47.11487007141113,40.71,5285.0,37.0,2.0
47.215328216552734,40.71,5285.0,37.0,2.0
47.315786361694336,40.71,5285.0,37.0,2.0
47.41624450683594,40.71,5285.0,37.0,2.0
47.51670265197754,40.71,5285.0,37.0,2.0
47.61716079711914,40.71,5285.0,37.0,2.0
47.71761894226074,40.71,5285.0,37.0,2.0
47.818077087402344,43.63,25.0,37.0,2.0
47.918535232543945,39.84,22.0,0.0,0.0
48.01899337768555,39.94,22.0,0.0,0.0
48.11945152282715,39.94,22.0,0.0,0.0
48.21990966796875,39.94,22.0,0.0,0.0
48.32036781311035,39.94,22.0,0.0,0.0
48.42082595825195,39.84,22.0,0.0,0.0
48.521284103393555,39.94,22.0,0.0,0.0
48.621742248535156,39.94,22.0,0.0,0.0
48.72220039367676,39.84,22.0,0.0,0.0
48.82265853881836,39.94,22.0,0.0,0.0
48.92311668395996,39.84,22.0,0.0,0.0
49.02357482910156,39.84,22.0,0.0,0.0
49.124032974243164,39.94,22.0,0.0,0.0
49.224491119384766,39.94,22.0,0.0,0.0
49.32494926452637,39.94,46.0,0.0,0.0
49.42540740966797,40.71,5285.0,0.0,0.0
49.52586555480957,40.71,5285.0,27.0,1.0
49.62632369995117,40.71,5285.0,27.0,1.0
49.72678184509277,40.71,5285.0,37.0,2.0
49.827239990234375,40.71,5285.0,37.0,2.0
49.92769813537598,40.71,5285.0,37.0,2.0
50.02815628051758,40.71,5285.0,37.0,2.0
50.12861442565918,40.71,5285.0,37.0,2.0
50.22907257080078,40.71,5285.0,37.0,2.0
50.32953071594238,40.71,5285.0,37.0,2.0
50.429988861083984,40.71,5285.0,37.0,2.0
50.530447006225586,40.71,5285.0,37.0,2.0
50.63090515136719,43.63,25.0,37.0,2.0
50.73136329650879,39.84,22.0,0.0,0.0
50.83182144165039,39.94,22.0,0.0,0.0
50.93227958679199,39.94,22.0,0.0,0.0
51.032737731933594,39.94,22.0,0.0,0.0
51.133195877075195,39.94,22.0,0.0,0.0
51.2336540222168,39.84,22.0,0.0,0.0
51.3341121673584,39.94,22.0,0.0,0.0
51.4345703125,39.94,22.0,0.0,0.0
51.5350284576416,39.84,22.0,0.0,0.0
51.6354866027832,39.94,22.0,0.0,0.0
51.735944747924805,39.84,22.0,0.0,0.0
51.836402893066406,39.84,22.0,0.0,0.0
51.93686103820801,39.94,22.0,0.0,0.0
52.03731918334961,39.94,22.0,0.0,0.0
52.13777732849121,39.94,46.0,0.0,0.0
52.23823547363281,40.71,5285.0,0.0,0.0
52.338693618774414,40.71,5285.0,27.0,1.0
52.439151763916016,40.71,5285.0,27.0,1.0
52.53960990905762,40.71,5285.0,37.0,2.0
52.64006805419922,40.71,5285.0,37.0,2.0
52.74052619934082,40.71,5285.0,37.0,2.0
52.84098434448242,40.71,5285.0,37.0,2.0
52.94144248962402,40.71,5285.0,37.0,2.0
53.041900634765625,40.71,5285.0,37.0,2.0
53.14235877990723,40.71,5285.0,37.0,2.0
53.24281692504883,40.71,5285.0,37.0,2.0
53.34327507019043,40.71,5285.0,37.0,2.0
53.44373321533203,43.63,25.0,37.0,2.0
53.54419136047363,39.84,22.0,0.0,0.0
53.644649505615234,39.94,22.0,0.0,0.0
53.745107650756836,39.94,22.0,0.0,0.0
53.84556579589844,39.94,22.0,0.0,0.0
53.94602394104004,39.94,22.0,0.0,0.0
54.04648208618164,39.84,22.0,0.0,0.0
54.14694023132324,39.94,22.0,0.0,0.0
54.247398376464844,39.94,22.0,0.0,0.0
54.347856521606445,39.84,22.0,0.0,0.0
54.44831466674805,39.94,22.0,0.0,0.0
54.54877281188965,39.84,22.0,0.0,0.0
54.64923095703125,39.84,22.0,0.0,0.0
54.74968910217285,39.94,22.0,0.0,0.0
54.85014724731445,39.94,22.0,0.0,0.0
54.950605392456055,39.94,46.0,0.0,0.0
55.051063537597656,40.71,5285.0,0.0,0.0
55.15152168273926,40.71,5285.0,27.0,1.0
55.25197982788086,40.71,5285.0,27.0,1.0
55.35243797302246,40.71,5285.0,37.0,2.0
55.45289611816406,40.71,5285.0,37.0,2.0
55.553354263305664,40.71,5285.0,37.0,2.0
55.653812408447266,40.71,5285.0,37.0,2.0
55.75427055358887,40.71,5285.0,37.0,2.0
55.85472869873047,40.71,5285.0,37.0,2.0
55.95518684387207,40.71,5285.0,37.0,2.0
56.05564498901367,40.71,5285.0,37.0,2.0
56.15610313415527,40.71,5285.0,37.0,2.0
56.256561279296875,43.63,25.0,37.0,2.0
56.35701942443848,39.84,22.0,0.0,0.0
56.45747756958008,39.94,22.0,0.0,0.0
56.55793571472168,39.94,22.0,0.0,0.0
56.65839385986328,39.94,22.0,0.0,0.0
56.75885200500488,39.94,22.0,0.0,0.0
56.859310150146484,39.84,22.0,0.0,0.0
56.959768295288086,39.94,22.0,0.0,0.0
57.06022644042969,39.94,22.0,0.0,0.0
57.16068458557129,39.84,22.0,0.0,0.0
57.26114273071289,39.94,22.0,0.0,0.0
57.36160087585449,39.84,22.0,0.0,0.0
57.462059020996094,39.84,22.0,0.0,0.0
57.562517166137695,39.94,22.0,0.0,0.0
57.6629753112793,39.94,22.0,0.0,0.0
57.7634334564209,39.94,46.0,0.0,0.0
57.8638916015625,40.71,5285.0,0.0,0.0
57.9643497467041,40.71,5285.0,27.0,1.0
58.0648078918457,40.71,5285.0,27.0,1.0
58.165266036987305,40.71,5285.0,37.0,2.0
58.265724182128906,40.71,5285.0,37.0,2.0
58.36618232727051,40.71,5285.0,37.0,2.0
58.46664047241211,40.71,5285.0,37.0,2.0
58.56709861755371,40.71,5285.0,37.0,2.0
58.66755676269531,40.71,5285.0,37.0,2.0
58.768014907836914,40.71,5285.0,37.0,2.0
58.868473052978516,40.71,5285.0,37.0,2.0
58.96893119812012,40.71,5285.0,37.0,2.0
59.06938934326172,43.63,25.0,37.0,2.0
59.16984748840332,39.84,22.0,0.0,0.0
59.27030563354492,39.94,22.0,0.0,0.0
59.37076377868652,39.94,22.0,0.0,0.0
59.471221923828125,39.94,22.0,0.0,0.0
59.57168006896973,39.94,22.0,0.0,0.0
59.67213821411133,39.84,22.0,0.0,0.0
59.77259635925293,39.94,22.0,0.0,0.0
59.87305450439453,39.94,22.0,0.0,0.0
59.97351264953613,39.84,22.0,0.0,0.0
60.073970794677734,39.94,22.0,0.0,0.0
60.174428939819336,39.84,22.0,0.0,0.0
60.27488708496094,39.84,22.0,0.0,0.0
60.37534523010254,39.94,22.0,0.0,0.0
60.47580337524414,39.94,22.0,0.0,0.0
60.57626152038574,39.94,46.0,0.0,0.0
60.676719665527344,40.71,5285.0,0.0,0.0
60.777177810668945,40.71,5285.0,27.0,1.0
60.87763595581055,40.71,5285.0,27.0,1.0
60.97809410095215,40.71,5285.0,37.0,2.0
61.07855224609375,40.71,5285.0,37.0,2.0
61.17901039123535,40.71,5285.0,37.0,2.0
61.27946853637695,40.71,5285.0,37.0,2.0
61.379926681518555,40.71,5285.0,37.0,2.0
61.480384826660156,40.71,5285.0,37.0,2.0
61.58084297180176,40.71,5285.0,37.0,2.0
61.68130111694336,40.71,5285.0,37.0,2.0
61.78175926208496,40.71,5285.0,37.0,2.0
61.88221740722656,43.63,25.0,37.0,2.0
61.982675552368164,39.84,22.0,0.0,0.0
62.083133697509766,39.94,22.0,0.0,0.0
62.18359184265137,39.94,22.0,0.0,0.0
62.28404998779297,39.94,22.0,0.0,0.0
62.38450813293457,39.94,22.0,0.0,0.0
62.48496627807617,39.84,22.0,0.0,0.0
62.58542442321777,39.94,22.0,0.0,0.0
62.685882568359375,39.94,22.0,0.0,0.0
62.78634071350098,39.84,22.0,0.0,0.0
62.88679885864258,39.94,22.0,0.0,0.0
62.98725700378418,39.84,22.0,0.0,0.0
63.08771514892578,39.84,22.0,0.0,0.0
63.18817329406738,39.94,22.0,0.0,0.0
63.288631439208984,39.94,22.0,0.0,0.0
63.389089584350586,39.94,46.0,0.0,0.0
63.48954772949219,40.71,5285.0,0.0,0.0
63.59000587463379,40.71,5285.0,27.0,1.0
63.69046401977539,40.71,5285.0,27.0,1.0
63.79092216491699,40.71,5285.0,37.0,2.0
63.891380310058594,40.71,5285.0,37.0,2.0
63.991838455200195,40.71,5285.0,37.0,2.0
64.0922966003418,40.71,5285.0,37.0,2.0
64.1927547454834,40.71,5285.0,37.0,2.0
64.293212890625,40.71,5285.0,37.0,2.0
64.3936710357666,40.71,5285.0,37.0,2.0
64.4941291809082,40.71,5285.0,37.0,2.0
64.5945873260498,40.71,5285.0,37.0,2.0
64.6950454711914,43.63,25.0,37.0,2.0
64.79550361633301,39.84,22.0,0.0,0.0
64.89596176147461,39.94,22.0,0.0,0.0
64.99641990661621,39.94,22.0,0.0,0.0
65.09687805175781,39.94,22.0,0.0,0.0
65.19733619689941,39.94,22.0,0.0,0.0
65.29779434204102,39.84,22.0,0.0,0.0
65.39825248718262,39.94,22.0,0.0,0.0
65.49871063232422,39.94,22.0,0.0,0.0
65.59916877746582,39.84,22.0,0.0,0.0
65.69962692260742,39.94,22.0,0.0,0.0
65.80008506774902,39.84,22.0,0.0,0.0
65.90054321289062,39.84,22.0,0.0,0.0
66.00100135803223,39.94,22.0,0.0,0.0
66.10145950317383,39.94,22.0,0.0,0.0
66.20191764831543,39.94,46.0,0.0,0.0
66.30237579345703,40.71,5285.0,0.0,0.0
66.40283393859863,40.71,5285.0,27.0,1.0
66.50329208374023,40.71,5285.0,27.0,1.0
66.60375022888184,40.71,5285.0,37.0,2.0
66.70420837402344,40.71,5285.0,37.0,2.0
66.80466651916504,40.71,5285.0,37.0,2.0
66.90512466430664,40.71,5285.0,37.0,2.0
67.00558280944824,40.71,5285.0,37.0,2.0
67.10604095458984,40.71,5285.0,37.0,2.0
67.20649909973145,40.71,5285.0,37.0,2.0
67.30695724487305,40.71,5285.0,37.0,2.0
67.40741539001465,40.71,5285.0,37.0,2.0
67.50787353515625,43.63,25.0,37.0,2.0
67.60833168029785,39.84,22.0,0.0,0.0
67.70878982543945,39.94,22.0,0.0,0.0
67.80924797058105,39.94,22.0,0.0,0.0
67.90970611572266,39.94,22.0,0.0,0.0
68.01016426086426,39.94,22.0,0.0,0.0
68.11062240600586,39.84,22.0,0.0,0.0
68.21108055114746,39.94,22.0,0.0,0.0
68.31153869628906,39.94,22.0,0.0,0.0
68.41199684143066,39.84,22.0,0.0,0.0
68.51245498657227,39.94,22.0,0.0,0.0
68.61291313171387,39.84,22.0,0.0,0.0
68.71337127685547,39.84,22.0,0.0,0.0
68.81382942199707,39.94,22.0,0.0,0.0
68.91428756713867,39.94,22.0,0.0,0.0
69.01474571228027,39.94,46.0,0.0,0.0
69.11520385742188,40.71,5285.0,0.0,0.0
69.21566200256348,40.71,5285.0,27.0,1.0
69.31612014770508,40.71,5285.0,27.0,1.0
69.41657829284668,40.71,5285.0,37.0,2.0
69.51703643798828,40.71,5285.0,37.0,2.0
69.61749458312988,40.71,5285.0,37.0,2.0
69.71795272827148,40.71,5285.0,37.0,2.0
69.81841087341309,40.71,5285.0,37.0,2.0
69.91886901855469,40.71,5285.0,37.0,2.0
70.01932716369629,40.71,5285.0,37.0,2.0
70.11978530883789,40.71,5285.0,37.0,2.0
70.22024345397949,40.71,5285.0,37.0,2.0
70.3207015991211,43.63,25.0,37.0,2.0
70.4211597442627,39.84,22.0,0.0,0.0
70.5216178894043,39.94,22.0,0.0,0.0
70.6220760345459,39.94,22.0,0.0,0.0
70.7225341796875,39.94,22.0,0.0,0.0
70.8229923248291,39.94,22.0,0.0,0.0
70.9234504699707,39.84,22.0,0.0,0.0
71.0239086151123,39.94,22.0,0.0,0.0
71.1243667602539,39.94,22.0,0.0,0.0
71.22482490539551,39.84,22.0,0.0,0.0
71.32528305053711,39.94,22.0,0.0,0.0
71.42574119567871,39.84,22.0,0.0,0.0
71.52619934082031,39.84,22.0,0.0,0.0
71.62665748596191,39.94,22.0,0.0,0.0
71.72711563110352,39.94,22.0,0.0,0.0
71.82757377624512,39.94,46.0,0.0,0.0
71.92803192138672,40.71,5285.0,0.0,0.0
72.02849006652832,40.71,5285.0,27.0,1.0
72.12894821166992,40.71,5285.0,27.0,1.0
72.22940635681152,40.71,5285.0,37.0,2.0
72.32986450195312,40.71,5285.0,37.0,2.0
72.43032264709473,40.71,5285.0,37.0,2.0
72.53078079223633,40.71,5285.0,37.0,2.0
72.63123893737793,40.71,5285.0,37.0,2.0
72.73169708251953,40.71,5285.0,37.0,2.0
72.83215522766113,40.71,5285.0,37.0,2.0
72.93261337280273,40.71,5285.0,37.0,2.0
73.03307151794434,40.71,5285.0,37.0,2.0
73.13352966308594,43.63,25.0,37.0,2.0
73.23398780822754,39.84,22.0,0.0,0.0
73.33444595336914,39.94,22.0,0.0,0.0
73.43490409851074,39.94,22.0,0.0,0.0
73.53536224365234,39.94,22.0,0.0,0.0
73.63582038879395,39.94,22.0,0.0,0.0
73.73627853393555,39.84,22.0,0.0,0.0
73.83673667907715,39.94,22.0,0.0,0.0
73.93719482421875,39.94,22.0,0.0,0.0
74.03765296936035,39.84,22.0,0.0,0.0
74.13811111450195,39.94,22.0,0.0,0.0
74.23856925964355,39.84,22.0,0.0,0.0
74.33902740478516,39.84,22.0,0.0,0.0
74.43948554992676,39.94,22.0,0.0,0.0
74.53994369506836,39.94,22.0,0.0,0.0
74.64040184020996,39.94,46.0,0.0,0.0
74.74085998535156,40.71,5285.0,0.0,0.0
74.84131813049316,40.71,5285.0,27.0,1.0
74.94177627563477,40.71,5285.0,27.0,1.0
75.04223442077637,40.71,5285.0,37.0,2.0
75.14269256591797,40.71,5285.0,37.0,2.0
75.24315071105957,40.71,5285.0,37.0,2.0
75.34360885620117,40.71,5285.0,37.0,2.0
75.44406700134277,40.71,5285.0,37.0,2.0
75.54452514648438,40.71,5285.0,37.0,2.0
75.64498329162598,40.71,5285.0,37.0,2.0
75.74544143676758,40.71,5285.0,37.0,2.0
75.84589958190918,40.71,5285.0,37.0,2.0
75.94635772705078,43.63,25.0,37.0,2.0
76.04681587219238,39.84,22.0,0.0,0.0
76.14727401733398,39.94,22.0,0.0,0.0
76.24773216247559,39.94,22.0,0.0,0.0
76.34819030761719,39.94,22.0,0.0,0.0
76.44864845275879,39.94,22.0,0.0,0.0
76.54910659790039,39.84,22.0,0.0,0.0
76.64956474304199,39.94,22.0,0.0,0.0
76.7500228881836,39.94,22.0,0.0,0.0
76.8504810333252,39.84,22.0,0.0,0.0
76.9509391784668,39.94,22.0,0.0,0.0
77.0513973236084,39.84,22.0,0.0,0.0
77.15185546875,39.84,22.0,0.0,0.0
77.2523136138916,39.94,22.0,0.0,0.0
77.3527717590332,39.94,22.0,0.0,0.0
77.4532299041748,39.94,46.0,0.0,0.0
77.5536880493164,40.71,5285.0,0.0,0.0
77.65414619445801,40.71,5285.0,27.0,1.0
77.75460433959961,40.71,5285.0,27.0,1.0
77.85506248474121,40.71,5285.0,37.0,2.0
77.95552062988281,40.71,5285.0,37.0,2.0
78.05597877502441,40.71,5285.0,37.0,2.0
78.15643692016602,40.71,5285.0,37.0,2.0
78.25689506530762,40.71,5285.0,37.0,2.0
78.35735321044922,40.71,5285.0,37.0,2.0
78.45781135559082,40.71,5285.0,37.0,2.0
78.55826950073242,40.71,5285.0,37.0,2.0
78.65872764587402,40.71,5285.0,37.0,2.0
78.75918579101562,43.63,25.0,37.0,2.0
78.85964393615723,39.84,22.0,0.0,0.0
78.96010208129883,39.94,22.0,0.0,0.0
79.06056022644043,39.94,22.0,0.0,0.0
79.16101837158203,39.94,22.0,0.0,0.0
79.26147651672363,39.94,22.0,0.0,0.0
79.36193466186523,39.84,22.0,0.0,0.0
79.46239280700684,39.94,22.0,0.0,0.0
79.56285095214844,39.94,22.0,0.0,0.0
79.66330909729004,39.84,22.0,0.0,0.0
79.76376724243164,39.94,22.0,0.0,0.0
79.86422538757324,39.84,22.0,0.0,0.0
79.96468353271484,39.84,22.0,0.0,0.0
80.06514167785645,39.94,22.0,0.0,0.0
80.16559982299805,39.94,22.0,0.0,0.0
80.26605796813965,39.94,46.0,0.0,0.0
80.36651611328125,40.71,5285.0,0.0,0.0
80.46697425842285,40.71,5285.0,27.0,1.0
80.56743240356445,40.71,5285.0,27.0,1.0
80.66789054870605,40.71,5285.0,37.0,2.0
80.76834869384766,40.71,5285.0,37.0,2.0
80.86880683898926,40.71,5285.0,37.0,2.0
80.96926498413086,40.71,5285.0,37.0,2.0
81.06972312927246,40.71,5285.0,37.0,2.0
81.17018127441406,40.71,5285.0,37.0,2.0
81.27063941955566,40.71,5285.0,37.0,2.0
81.37109756469727,40.71,5285.0,37.0,2.0
81.47155570983887,40.71,5285.0,37.0,2.0
81.57201385498047,43.63,25.0,37.0,2.0
81.67247200012207,39.84,22.0,0.0,0.0
81.77293014526367,39.94,22.0,0.0,0.0
81.87338829040527,39.94,22.0,0.0,0.0
81.97384643554688,39.94,22.0,0.0,0.0
82.07430458068848,39.94,22.0,0.0,0.0
82.17476272583008,39.84,22.0,0.0,0.0
82.27522087097168,39.94,22.0,0.0,0.0
82.37567901611328,39.94,22.0,0.0,0.0
82.47613716125488,39.84,22.0,0.0,0.0
82.57659530639648,39.94,22.0,0.0,0.0
82.67705345153809,39.84,22.0,0.0,0.0
82.77751159667969,39.84,22.0,0.0,0.0
82.87796974182129,39.94,22.0,0.0,0.0
82.97842788696289,39.94,22.0,0.0,0.0
83.07888603210449,39.94,46.0,0.0,0.0
83.1793441772461,40.71,5285.0,0.0,0.0
83.2798023223877,40.71,5285.0,27.0,1.0
83.3802604675293,40.71,5285.0,27.0,1.0
83.4807186126709,40.71,5285.0,37.0,2.0
83.5811767578125,40.71,5285.0,37.0,2.0
83.6816349029541,40.71,5285.0,37.0,2.0
83.7820930480957,40.71,5285.0,37.0,2.0
83.8825511932373,40.71,5285.0,37.0,2.0
83.9830093383789,40.71,5285.0,37.0,2.0
84.08346748352051,40.71,5285.0,37.0,2.0
84.18392562866211,40.71,5285.0,37.0,2.0
84.28438377380371,40.71,5285.0,37.0,2.0
84.38484191894531,43.63,25.0,37.0,2.0
84.48530006408691,39.84,22.0,0.0,0.0
84.58575820922852,39.94,22.0,0.0,0.0
84.68621635437012,39.94,22.0,0.0,0.0
84.78667449951172,39.94,22.0,0.0,0.0
84.88713264465332,39.94,22.0,0.0,0.0
84.98759078979492,39.84,22.0,0.0,0.0
85.08804893493652,39.94,22.0,0.0,0.0
85.18850708007812,39.94,22.0,0.0,0.0
85.28896522521973,39.84,22.0,0.0,0.0
85.38942337036133,39.94,22.0,0.0,0.0
85.48988151550293,39.84,22.0,0.0,0.0
85.59033966064453,39.84,22.0,0.0,0.0
85.69079780578613,39.94,22.0,0.0,0.0
85.79125595092773,39.94,22.0,0.0,0.0
85.89171409606934,39.94,46.0,0.0,0.0
85.99217224121094,40.71,5285.0,0.0,0.0
86.09263038635254,40.71,5285.0,27.0,1.0
86.19308853149414,40.71,5285.0,27.0,1.0
86.29354667663574,40.71,5285.0,37.0,2.0
86.39400482177734,40.71,5285.0,37.0,2.0
86.49446296691895,40.71,5285.0,37.0,2.0
86.59492111206055,40.71,5285.0,37.0,2.0
86.69537925720215,40.71,5285.0,37.0,2.0
86.79583740234375,40.71,5285.0,37.0,2.0
86.89629554748535,40.71,5285.0,37.0,2.0
86.99675369262695,40.71,5285.0,37.0,2.0
87.09721183776855,40.71,5285.0,37.0,2.0
87.19766998291016,43.63,25.0,37.0,2.0
87.29812812805176,39.84,22.0,0.0,0.0
87.39858627319336,39.94,22.0,0.0,0.0
87.49904441833496,39.94,22.0,0.0,0.0
87.59950256347656,39.94,22.0,0.0,0.0
87.69996070861816,39.94,22.0,0.0,0.0
87.80041885375977,39.84,22.0,0.0,0.0
87.90087699890137,39.94,22.0,0.0,0.0
88.00133514404297,39.94,22.0,0.0,0.0
88.10179328918457,39.84,22.0,0.0,0.0
88.20225143432617,39.94,22.0,0.0,0.0
88.30270957946777,39.84,22.0,0.0,0.0
88.40316772460938,39.84,22.0,0.0,0.0
88.50362586975098,39.94,22.0,0.0,0.0
88.60408401489258,39.94,22.0,0.0,0.0
88.70454216003418,39.94,46.0,0.0,0.0
88.80500030517578,40.71,5285.0,0.0,0.0
88.90545845031738,40.71,5285.0,27.0,1.0
89.00591659545898,40.71,5285.0,27.0,1.0
89.10637474060059,40.71,5285.0,37.0,2.0
89.20683288574219,40.71,5285.0,37.0,2.0
89.30729103088379,40.71,5285.0,37.0,2.0
89.40774917602539,40.71,5285.0,37.0,2.0
89.50820732116699,40.71,5285.0,37.0,2.0
89.6086654663086,40.71,5285.0,37.0,2.0
89.7091236114502,40.71,5285.0,37.0,2.0
89.8095817565918,40.71,5285.0,37.0,2.0
89.9100399017334,40.71,5285.0,37.0,2.0
90.010498046875,43.63,25.0,37.0,2.0
90.1109561920166,39.84,22.0,0.0,0.0
90.2114143371582,39.94,22.0,0.0,0.0
90.3118724822998,39.94,22.0,0.0,0.0
90.4123306274414,39.94,22.0,0.0,0.0
90.51278877258301,39.94,22.0,0.0,0.0
90.61324691772461,39.84,22.0,0.0,0.0
90.71370506286621,39.94,22.0,0.0,0.0
90.81416320800781,39.94,22.0,0.0,0.0
90.91462135314941,39.84,22.0,0.0,0.0
91.01507949829102,39.94,22.0,0.0,0.0
91.11553764343262,39.84,22.0,0.0,0.0
91.21599578857422,39.84,22.0,0.0,0.0
91.31645393371582,39.94,22.0,0.0,0.0
91.41691207885742,39.94,22.0,0.0,0.0
91.51737022399902,39.94,46.0,0.0,0.0
91.61782836914062,40.71,5285.0,0.0,0.0
91.71828651428223,40.71,5285.0,27.0,1.0
91.81874465942383,40.71,5285.0,27.0,1.0
91.91920280456543,40.71,5285.0,37.0,2.0
92.01966094970703,40.71,5285.0,37.0,2.0
92.12011909484863,40.71,5285.0,37.0,2.0
92.22057723999023,40.71,5285.0,37.0,2.0
92.32103538513184,40.71,5285.0,37.0,2.0
92.42149353027344,40.71,5285.0,37.0,2.0
92.52195167541504,40.71,5285.0,37.0,2.0
92.62240982055664,40.71,5285.0,37.0,2.0
92.72286796569824,40.71,5285.0,37.0,2.0
92.82332611083984,43.63,25.0,37.0,2.0
92.92378425598145,39.84,22.0,0.0,0.0
93.02424240112305,39.94,22.0,0.0,0.0
93.12470054626465,39.94,22.0,0.0,0.0
93.22515869140625,39.94,22.0,0.0,0.0
93.32561683654785,39.94,22.0,0.0,0.0
93.42607498168945,39.84,22.0,0.0,0.0
93.52653312683105,39.94,22.0,0.0,0.0
93.62699127197266,39.94,22.0,0.0,0.0
93.72744941711426,39.84,22.0,0.0,0.0
93.82790756225586,39.94,22.0,0.0,0.0
93.92836570739746,39.84,22.0,0.0,0.0
94.02882385253906,39.84,22.0,0.0,0.0
94.12928199768066,39.94,22.0,0.0,0.0
94.22974014282227,39.94,22.0,0.0,0.0
94.33019828796387,39.94,46.0,0.0,0.0
94.43065643310547,40.71,5285.0,0.0,0.0
94.53111457824707,40.71,5285.0,27.0,1.0
94.63157272338867,40.71,5285.0,27.0,1.0
94.73203086853027,40.71,5285.0,37.0,2.0
94.83248901367188,40.71,5285.0,37.0,2.0
94.93294715881348,40.71,5285.0,37.0,2.0
95.03340530395508,40.71,5285.0,37.0,2.0
95.13386344909668,40.71,5285.0,37.0,2.0
95.23432159423828,40.71,5285.0,37.0,2.0
95.33477973937988,40.71,5285.0,37.0,2.0
95.43523788452148,40.71,5285.0,37.0,2.0
95.53569602966309,40.71,5285.0,37.0,2.0
95.63615417480469,43.63,25.0,37.0,2.0
95.73661231994629,39.84,22.0,0.0,0.0
95.83707046508789,39.94,22.0,0.0,0.0
95.93752861022949,39.94,22.0,0.0,0.0
96.0379867553711,39.94,22.0,0.0,0.0
96.1384449005127,39.94,22.0,0.0,0.0
96.2389030456543,39.84,22.0,0.0,0.0
96.3393611907959,39.94,22.0,0.0,0.0
96.4398193359375,39.94,22.0,0.0,0.0
96.5402774810791,39.84,22.0,0.0,0.0
96.6407356262207,39.94,22.0,0.0,0.0
96.7411937713623,39.84,22.0,0.0,0.0
96.8416519165039,39.84,22.0,0.0,0.0
96.94211006164551,39.94,22.0,0.0,0.0
97.04256820678711,39.94,22.0,0.0,0.0
97.14302635192871,39.94,46.0,0.0,0.0
97.24348449707031,40.71,5285.0,0.0,0.0
97.34394264221191,40.71,5285.0,27.0,1.0
97.44440078735352,40.71,5285.0,27.0,1.0
97.54485893249512,40.71,5285.0,37.0,2.0
97.64531707763672,40.71,5285.0,37.0,2.0
97.74577522277832,40.71,5285.0,37.0,2.0
97.84623336791992,40.71,5285.0,37.0,2.0
97.94669151306152,40.71,5285.0,37.0,2.0
98.04714965820312,40.71,5285.0,37.0,2.0
98.14760780334473,40.71,5285.0,37.0,2.0
98.24806594848633,40.71,5285.0,37.0,2.0
98.34852409362793,40.71,5285.0,37.0,2.0
98.44898223876953,43.63,25.0,37.0,2.0
98.54944038391113,39.84,22.0,0.0,0.0
98.64989852905273,39.94,22.0,0.0,0.0
98.75035667419434,39.94,22.0,0.0,0.0
98.85081481933594,39.94,22.0,0.0,0.0
98.95127296447754,39.94,22.0,0.0,0.0
99.05173110961914,39.84,22.0,0.0,0.0
99.15218925476074,39.94,22.0,0.0,0.0
99.25264739990234,39.94,22.0,0.0,0.0
99.35310554504395,39.84,22.0,0.0,0.0
99.45356369018555,39.94,22.0,0.0,0.0
99.55402183532715,39.84,22.0,0.0,0.0
99.65447998046875,39.84,22.0,0.0,0.0
99.75493812561035,39.94,22.0,0.0,0.0
99.85539627075195,39.94,22.0,0.0,0.0
99.95585441589355,39.94,46.0,0.0,0.0
100.05631256103516,40.71,5285.0,0.0,0.0
100.15677070617676,40.71,5285.0,27.0,1.0
100.25722885131836,40.71,5285.0,27.0,1.0
100.35768699645996,40.71,5285.0,37.0,2.0
100.45814514160156,40.71,5285.0,37.0,2.0
100.55860328674316,40.71,5285.0,37.0,2.0
100.65906143188477,40.71,5285.0,37.0,2.0
100.75951957702637,40.71,5285.0,37.0,2.0
100.85997772216797,40.71,5285.0,37.0,2.0
100.96043586730957,40.71,5285.0,37.0,2.0
101.06089401245117,40.71,5285.0,37.0,2.0
101.16135215759277,40.71,5285.0,37.0,2.0
101.26181030273438,43.63,25.0,37.0,2.0
101.36226844787598,39.84,22.0,0.0,0.0
101.46272659301758,39.94,22.0,0.0,0.0
101.56318473815918,39.94,22.0,0.0,0.0
101.66364288330078,39.94,22.0,0.0,0.0
101.76410102844238,39.94,22.0,0.0,0.0
101.86455917358398,39.84,22.0,0.0,0.0
101.96501731872559,39.94,22.0,0.0,0.0
102.06547546386719,39.94,22.0,0.0,0.0
102.16593360900879,39.84,22.0,0.0,0.0
102.26639175415039,39.94,22.0,0.0,0.0
102.36684989929199,39.84,22.0,0.0,0.0
102.4673080444336,39.84,22.0,0.0,0.0
102.5677661895752,39.94,22.0,0.0,0.0
102.6682243347168,39.94,22.0,0.0,0.0
102.7686824798584,39.94,46.0,0.0,0.0
102.869140625,40.71,5285.0,0.0,0.0
102.9695987701416,40.71,5285.0,27.0,1.0
103.0700569152832,40.71,5285.0,27.0,1.0
103.1705150604248,40.71,5285.0,37.0,2.0
103.2709732055664,40.71,5285.0,37.0,2.0
103.37143135070801,40.71,5285.0,37.0,2.0
103.47188949584961,40.71,5285.0,37.0,2.0
103.57234764099121,40.71,5285.0,37.0,2.0
103.67280578613281,40.71,5285.0,37.0,2.0
103.77326393127441,40.71,5285.0,37.0,2.0
103.87372207641602,40.71,5285.0,37.0,2.0
103.97418022155762,40.71,5285.0,37.0,2.0
104.07463836669922,43.63,25.0,37.0,2.0
104.17509651184082,39.84,22.0,0.0,0.0
104.27555465698242,39.94,22.0,0.0,0.0
104.37601280212402,39.94,22.0,0.0,0.0
104.47647094726562,39.94,22.0,0.0,0.0
104.57692909240723,39.94,22.0,0.0,0.0
104.67738723754883,39.84,22.0,0.0,0.0
104.77784538269043,39.94,22.0,0.0,0.0
104.87830352783203,39.94,22.0,0.0,0.0
104.97876167297363,39.84,22.0,0.0,0.0
105.07921981811523,39.94,22.0,0.0,0.0
105.17967796325684,39.84,22.0,0.0,0.0
105.28013610839844,39.84,22.0,0.0,0.0
105.38059425354004,39.94,22.0,0.0,0.0
105.48105239868164,39.94,22.0,0.0,0.0
105.58151054382324,39.94,46.0,0.0,0.0
105.68196868896484,40.71,5285.0,0.0,0.0
105.78242683410645,40.71,5285.0,27.0,1.0
105.88288497924805,40.71,5285.0,27.0,1.0
105.98334312438965,40.71,5285.0,37.0,2.0
106.08380126953125,40.71,5285.0,37.0,2.0
106.18425941467285,40.71,5285.0,37.0,2.0
106.28471755981445,40.71,5285.0,37.0,2.0
106.38517570495605,40.71,5285.0,37.0,2.0
106.48563385009766,40.71,5285.0,37.0,2.0
106.58609199523926,40.71,5285.0,37.0,2.0
106.68655014038086,40.71,5285.0,37.0,2.0
106.78700828552246,40.71,5285.0,37.0,2.0
106.88746643066406,43.63,25.0,37.0,2.0
106.98792457580566,39.84,22.0,0.0,0.0
107.08838272094727,39.94,22.0,0.0,0.0
107.18884086608887,39.94,22.0,0.0,0.0
107.28929901123047,39.94,22.0,0.0,0.0
107.38975715637207,39.94,22.0,0.0,0.0
107.49021530151367,39.84,22.0,0.0,0.0
107.59067344665527,39.94,22.0,0.0,0.0
107.69113159179688,39.94,22.0,0.0,0.0
107.79158973693848,39.84,22.0,0.0,0.0
107.89204788208008,39.94,22.0,0.0,0.0
107.99250602722168,39.84,22.0,0.0,0.0
108.09296417236328,39.84,22.0,0.0,0.0
108.19342231750488,39.94,22.0,0.0,0.0
108.29388046264648,39.94,22.0,0.0,0.0
108.39433860778809,39.94,46.0,0.0,0.0
108.49479675292969,40.71,5285.0,0.0,0.0
108.59525489807129,40.71,5285.0,27.0,1.0
108.69571304321289,40.71,5285.0,27.0,1.0
108.79617118835449,40.71,5285.0,37.0,2.0
108.8966293334961,40.71,5285.0,37.0,2.0
108.9970874786377,40.71,5285.0,37.0,2.0
109.0975456237793,40.71,5285.0,37.0,2.0
109.1980037689209,40.71,5285.0,37.0,2.0
109.2984619140625,40.71,5285.0,37.0,2.0
109.3989200592041,40.71,5285.0,37.0,2.0
109.4993782043457,40.71,5285.0,37.0,2.0
109.5998363494873,40.71,5285.0,37.0,2.0
109.7002944946289,43.63,25.0,37.0,2.0
109.80075263977051,39.84,22.0,0.0,0.0
109.90121078491211,39.94,22.0,0.0,0.0
110.00166893005371,39.94,22.0,0.0,0.0
110.10212707519531,39.94,22.0,0.0,0.0
110.20258522033691,39.94,22.0,0.0,0.0
110.30304336547852,39.84,22.0,0.0,0.0
110.40350151062012,39.94,22.0,0.0,0.0
110.50395965576172,39.94,22.0,0.0,0.0
110.60441780090332,39.84,22.0,0.0,0.0
110.70487594604492,39.94,22.0,0.0,0.0
110.80533409118652,39.84,22.0,0.0,0.0
110.90579223632812,39.84,22.0,0.0,0.0
111.00625038146973,39.94,22.0,0.0,0.0
111.10670852661133,39.94,22.0,0.0,0.0
111.20716667175293,39.94,46.0,0.0,0.0
111.30762481689453,40.71,5285.0,0.0,0.0
111.40808296203613,40.71,5285.0,27.0,1.0
111.50854110717773,40.71,5285.0,27.0,1.0
111.60899925231934,40.71,5285.0,37.0,2.0
111.70945739746094,40.71,5285.0,37.0,2.0
111.80991554260254,40.71,5285.0,37.0,2.0
111.91037368774414,40.71,5285.0,37.0,2.0
112.01083183288574,40.71,5285.0,37.0,2.0
112.11128997802734,40.71,5285.0,37.0,2.0
112.21174812316895,40.71,5285.0,37.0,2.0
112.31220626831055,40.71,5285.0,37.0,2.0
112.41266441345215,40.71,5285.0,37.0,2.0
112.51312255859375,43.63,25.0,37.0,2.0
112.61358070373535,39.84,22.0,0.0,0.0
112.71403884887695,39.94,22.0,0.0,0.0
112.81449699401855,39.94,22.0,0.0,0.0
112.91495513916016,39.94,22.0,0.0,0.0
113.01541328430176,39.94,22.0,0.0,0.0
113.11587142944336,39.84,22.0,0.0,0.0
113.21632957458496,39.94,22.0,0.0,0.0
113.31678771972656,39.94,22.0,0.0,0.0
113.41724586486816,39.84,22.0,0.0,0.0
113.51770401000977,39.94,22.0,0.0,0.0
113.61816215515137,39.84,22.0,0.0,0.0
113.71862030029297,39.84,22.0,0.0,0.0
113.81907844543457,39.94,22.0,0.0,0.0
113.91953659057617,39.94,22.0,0.0,0.0
114.01999473571777,39.94,46.0,0.0,0.0
114.12045288085938,40.71,5285.0,0.0,0.0
114.22091102600098,40.71,5285.0,27.0,1.0
114.32136917114258,40.71,5285.0,27.0,1.0
114.42182731628418,40.71,5285.0,37.0,2.0
114.52228546142578,40.71,5285.0,37.0,2.0
114.62274360656738,40.71,5285.0,37.0,2.0
114.72320175170898,40.71,5285.0,37.0,2.0
114.82365989685059,40.71,5285.0,37.0,2.0
114.92411804199219,40.71,5285.0,37.0,2.0
115.02457618713379,40.71,5285.0,37.0,2.0
115.12503433227539,40.71,5285.0,37.0,2.0
115.22549247741699,40.71,5285.0,37.0,2.0
115.3259506225586,43.63,25.0,37.0,2.0
115.4264087677002,39.84,22.0,0.0,0.0
115.5268669128418,39.94,22.0,0.0,0.0
115.6273250579834,39.94,22.0,0.0,0.0
115.727783203125,39.94,22.0,0.0,0.0
115.8282413482666,39.94,22.0,0.0,0.0
115.9286994934082,39.84,22.0,0.0,0.0
116.0291576385498,39.94,22.0,0.0,0.0
116.1296157836914,39.94,22.0,0.0,0.0
116.23007392883301,39.84,22.0,0.0,0.0
116.33053207397461,39.94,22.0,0.0,0.0
116.43099021911621,39.84,22.0,0.0,0.0
116.53144836425781,39.84,22.0,0.0,0.0
116.63190650939941,39.94,22.0,0.0,0.0
116.73236465454102,39.94,22.0,0.0,0.0
116.83282279968262,39.94,46.0,0.0,0.0
116.93328094482422,40.71,5285.0,0.0,0.0
117.03373908996582,40.71,5285.0,27.0,1.0
117.13419723510742,40.71,5285.0,27.0,1.0
117.23465538024902,40.71,5285.0,37.0,2.0
117.33511352539062,40.71,5285.0,37.0,2.0
117.43557167053223,40.71,5285.0,37.0,2.0
117.53602981567383,40.71,5285.0,37.0,2.0
117.63648796081543,40.71,5285.0,37.0,2.0
117.73694610595703,40.71,5285.0,37.0,2.0
117.83740425109863,40.71,5285.0,37.0,2.0
117.93786239624023,40.71,5285.0,37.0,2.0
118.03832054138184,40.71,5285.0,37.0,2.0
118.13877868652344,43.63,25.0,37.0,2.0
118.23923683166504,39.84,22.0,0.0,0.0
118.33969497680664,39.94,22.0,0.0,0.0
118.44015312194824,39.94,22.0,0.0,0.0
118.54061126708984,39.94,22.0,0.0,0.0
118.64106941223145,39.94,22.0,0.0,0.0
118.74152755737305,39.84,22.0,0.0,0.0
118.84198570251465,39.94,22.0,0.0,0.0
118.94244384765625,39.94,22.0,0.0,0.0
119.04290199279785,39.84,22.0,0.0,0.0
119.14336013793945,39.94,22.0,0.0,0.0
119.24381828308105,39.84,22.0,0.0,0.0
119.34427642822266,39.84,22.0,0.0,0.0
119.44473457336426,39.94,22.0,0.0,0.0
119.54519271850586,39.94,22.0,0.0,0.0
119.64565086364746,39.94,46.0,0.0,0.0
119.74610900878906,40.71,5285.0,0.0,0.0
119.84656715393066,40.71,5285.0,27.0,1.0
119.94702529907227,40.71,5285.0,27.0,1.0
120.04748344421387,40.71,5285.0,37.0,2.0
120.14794158935547,40.71,5285.0,37.0,2.0
120.24839973449707,40.71,5285.0,37.0,2.0
120.34885787963867,40.71,5285.0,37.0,2.0
120.44931602478027,40.71,5285.0,37.0,2.0
120.54977416992188,40.71,5285.0,37.0,2.0
120.65023231506348,40.71,5285.0,37.0,2.0
120.75069046020508,40.71,5285.0,37.0,2.0
120.85114860534668,40.71,5285.0,37.0,2.0
120.95160675048828,43.63,25.0,37.0,2.0
121.05206489562988,39.84,22.0,0.0,0.0
121.15252304077148,39.94,22.0,0.0,0.0
121.25298118591309,39.94,22.0,0.0,0.0
121.35343933105469,39.94,22.0,0.0,0.0
121.45389747619629,39.94,22.0,0.0,0.0
121.55435562133789,39.84,22.0,0.0,0.0
121.65481376647949,39.94,22.0,0.0,0.0
121.7552719116211,39.94,22.0,0.0,0.0
121.8557300567627,39.84,22.0,0.0,0.0
121.9561882019043,39.94,22.0,0.0,0.0
122.0566463470459,39.84,22.0,0.0,0.0
122.1571044921875,39.84,22.0,0.0,0.0
122.2575626373291,39.94,22.0,0.0,0.0
122.3580207824707,39.94,22.0,0.0,0.0
122.4584789276123,39.94,46.0,0.0,0.0
122.5589370727539,40.71,5285.0,0.0,0.0
122.65939521789551,40.71,5285.0,27.0,1.0
122.75985336303711,40.71,5285.0,27.0,1.0
122.86031150817871,40.71,5285.0,37.0,2.0
122.96076965332031,40.71,5285.0,37.0,2.0
123.06122779846191,40.71,5285.0,37.0,2.0
123.16168594360352,40.71,5285.0,37.0,2.0
123.26214408874512,40.71,5285.0,37.0,2.0
123.36260223388672,40.71,5285.0,37.0,2.0
123.46306037902832,40.71,5285.0,37.0,2.0
123.56351852416992,40.71,5285.0,37.0,2.0
123.66397666931152,40.71,5285.0,37.0,2.0
123.76443481445312,43.63,25.0,37.0,2.0
123.86489295959473,39.84,22.0,0.0,0.0
123.96535110473633,39.94,22.0,0.0,0.0
124.06580924987793,39.94,22.0,0.0,0.0
124.16626739501953,39.94,22.0,0.0,0.0
124.26672554016113,39.94,22.0,0.0,0.0
124.36718368530273,39.84,22.0,0.0,0.0
124.46764183044434,39.94,22.0,0.0,0.0
124.56809997558594,39.94,22.0,0.0,0.0
124.66855812072754,39.84,22.0,0.0,0.0
124.76901626586914,39.94,22.0,0.0,0.0
124.86947441101074,39.84,22.0,0.0,0.0
124.96993255615234,39.84,22.0,0.0,0.0
125.07039070129395,39.94,22.0,0.0,0.0
125.17084884643555,39.94,22.0,0.0,0.0
125.27130699157715,39.94,46.0,0.0,0.0
125.37176513671875,40.71,5285.0,0.0,0.0
125.47222328186035,40.71,5285.0,27.0,1.0
125.57268142700195,40.71,5285.0,27.0,1.0
125.67313957214355,40.71,5285.0,37.0,2.0
125.77359771728516,40.71,5285.0,37.0,2.0
125.87405586242676,40.71,5285.0,37.0,2.0
125.97451400756836,40.71,5285.0,37.0,2.0
126.07497215270996,40.71,5285.0,37.0,2.0
126.17543029785156,40.71,5285.0,37.0,2.0
126.27588844299316,40.71,5285.0,37.0,2.0
126.37634658813477,40.71,5285.0,37.0,2.0
126.47680473327637,40.71,5285.0,37.0,2.0
126.57726287841797,43.63,25.0,37.0,2.0
126.67772102355957,39.84,22.0,0.0,0.0
126.77817916870117,39.94,22.0,0.0,0.0
126.87863731384277,39.94,22.0,0.0,0.0
126.97909545898438,39.94,22.0,0.0,0.0
127.07955360412598,39.94,22.0,0.0,0.0
127.18001174926758,39.84,22.0,0.0,0.0
127.28046989440918,39.94,22.0,0.0,0.0
127.38092803955078,39.94,22.0,0.0,0.0
127.48138618469238,39.84,22.0,0.0,0.0
127.58184432983398,39.94,22.0,0.0,0.0
127.68230247497559,39.84,22.0,0.0,0.0
127.78276062011719,39.84,22.0,0.0,0.0
127.88321876525879,39.94,22.0,0.0,0.0
127.98367691040039,39.94,22.0,0.0,0.0
128.084135055542,39.94,46.0,0.0,0.0
128.1845932006836,40.71,5285.0,0.0,0.0
128.2850513458252,40.71,5285.0,27.0,1.0
128.3855094909668,40.71,5285.0,27.0,1.0
128.4859676361084,40.71,5285.0,37.0,2.0
128.58642578125,40.71,5285.0,37.0,2.0
128.6868839263916,40.71,5285.0,37.0,2.0
128.7873420715332,40.71,5285.0,37.0,2.0
128.8878002166748,40.71,5285.0,37.0,2.0
128.9882583618164,40.71,5285.0,37.0,2.0
129.088716506958,40.71,5285.0,37.0,2.0
129.1891746520996,40.71,5285.0,37.0,2.0
129.2896327972412,40.71,5285.0,37.0,2.0
129.3900909423828,43.63,25.0,37.0,2.0
129.4905490875244,39.84,22.0,0.0,0.0
129.59100723266602,39.94,22.0,0.0,0.0
129.69146537780762,39.94,22.0,0.0,0.0
129.79192352294922,39.94,22.0,0.0,0.0
129.89238166809082,39.94,22.0,0.0,0.0
129.99283981323242,39.84,22.0,0.0,0.0
130.09329795837402,39.94,22.0,0.0,0.0
130.19375610351562,39.94,22.0,0.0,0.0
130.29421424865723,39.84,22.0,0.0,0.0
130.39467239379883,39.94,22.0,0.0,0.0
130.49513053894043,39.84,22.0,0.0,0.0
130.59558868408203,39.84,22.0,0.0,0.0
130.69604682922363,39.94,22.0,0.0,0.0
130.79650497436523,39.94,22.0,0.0,0.0
130.89696311950684,39.94,46.0,0.0,0.0
130.99742126464844,40.71,5285.0,0.0,0.0
131.09787940979004,40.71,5285.0,27.0,1.0
131.19833755493164,40.71,5285.0,27.0,1.0
131.29879570007324,40.71,5285.0,37.0,2.0
131.39925384521484,40.71,5285.0,37.0,2.0
131.49971199035645,40.71,5285.0,37.0,2.0
131.60017013549805,40.71,5285.0,37.0,2.0
131.70062828063965,40.71,5285.0,37.0,2.0
131.80108642578125,40.71,5285.0,37.0,2.0
131.90154457092285,40.71,5285.0,37.0,2.0
132.00200271606445,40.71,5285.0,37.0,2.0
132.10246086120605,40.71,5285.0,37.0,2.0
132.20291900634766,43.63,25.0,37.0,2.0
132.30337715148926,39.84,22.0,0.0,0.0
132.40383529663086,39.94,22.0,0.0,0.0
132.50429344177246,39.94,22.0,0.0,0.0
132.60475158691406,39.94,22.0,0.0,0.0
132.70520973205566,39.94,22.0,0.0,0.0
132.80566787719727,39.84,22.0,0.0,0.0
132.90612602233887,39.94,22.0,0.0,0.0
133.00658416748047,39.94,22.0,0.0,0.0
133.10704231262207,39.84,22.0,0.0,0.0
133.20750045776367,39.94,22.0,0.0,0.0
133.30795860290527,39.84,22.0,0.0,0.0
133.40841674804688,39.84,22.0,0.0,0.0
133.50887489318848,39.94,22.0,0.0,0.0
133.60933303833008,39.94,22.0,0.0,0.0
133.70979118347168,39.94,46.0,0.0,0.0
133.81024932861328,40.71,5285.0,0.0,0.0
133.91070747375488,40.71,5285.0,27.0,1.0
134.01116561889648,40.71,5285.0,27.0,1.0
134.1116237640381,40.71,5285.0,37.0,2.0
134.2120819091797,40.71,5285.0,37.0,2.0
134.3125400543213,40.71,5285.0,37.0,2.0
134.4129981994629,40.71,5285.0,37.0,2.0
134.5134563446045,40.71,5285.0,37.0,2.0
134.6139144897461,40.71,5285.0,37.0,2.0
134.7143726348877,40.71,5285.0,37.0,2.0
134.8148307800293,40.71,5285.0,37.0,2.0
134.9152889251709,40.71,5285.0,37.0,2.0
135.0157470703125,43.63,25.0,37.0,2.0
135.1162052154541,39.84,22.0,0.0,0.0
135.2166633605957,39.94,22.0,0.0,0.0
135.3171215057373,39.94,22.0,0.0,0.0
135.4175796508789,39.94,22.0,0.0,0.0
135.5180377960205,39.94,22.0,0.0,0.0
135.6184959411621,39.84,22.0,0.0,0.0
135.7189540863037,39.94,22.0,0.0,0.0
135.8194122314453,39.94,22.0,0.0,0.0
135.9198703765869,39.84,22.0,0.0,0.0
136.02032852172852,39.94,22.0,0.0,0.0
136.12078666687012,39.84,22.0,0.0,0.0
136.22124481201172,39.84,22.0,0.0,0.0
136.32170295715332,39.94,22.0,0.0,0.0
136.42216110229492,39.94,22.0,0.0,0.0
136.52261924743652,39.94,46.0,0.0,0.0
136.62307739257812,40.71,5285.0,0.0,0.0
136.72353553771973,40.71,5285.0,27.0,1.0
136.82399368286133,40.71,5285.0,27.0,1.0
136.92445182800293,40.71,5285.0,37.0,2.0
137.02490997314453,40.71,5285.0,37.0,2.0
137.12536811828613,40.71,5285.0,37.0,2.0
137.22582626342773,40.71,5285.0,37.0,2.0
137.32628440856934,40.71,5285.0,37.0,2.0
137.42674255371094,40.71,5285.0,37.0,2.0
137.52720069885254,40.71,5285.0,37.0,2.0
137.62765884399414,40.71,5285.0,37.0,2.0
137.72811698913574,40.71,5285.0,37.0,2.0
137.82857513427734,43.63,25.0,37.0,2.0
137.92903327941895,39.84,22.0,0.0,0.0
138.02949142456055,39.94,22.0,0.0,0.0
138.12994956970215,39.94,22.0,0.0,0.0
138.23040771484375,39.94,22.0,0.0,0.0
138.33086585998535,39.94,22.0,0.0,0.0
138.43132400512695,39.84,22.0,0.0,0.0
138.53178215026855,39.94,22.0,0.0,0.0
138.63224029541016,39.94,22.0,0.0,0.0
138.73269844055176,39.84,22.0,0.0,0.0
138.83315658569336,39.94,22.0,0.0,0.0
138.93361473083496,39.84,22.0,0.0,0.0
139.03407287597656,39.84,22.0,0.0,0.0
139.13453102111816,39.94,22.0,0.0,0.0
139.23498916625977,39.94,22.0,0.0,0.0
139.33544731140137,39.94,46.0,0.0,0.0
139.43590545654297,40.71,5285.0,0.0,0.0
139.53636360168457,40.71,5285.0,27.0,1.0
139.63682174682617,40.71,5285.0,27.0,1.0
139.73727989196777,40.71,5285.0,37.0,2.0
139.83773803710938,40.71,5285.0,37.0,2.0
139.93819618225098,40.71,5285.0,37.0,2.0
140.03865432739258,40.71,5285.0,37.0,2.0
140.13911247253418,40.71,5285.0,37.0,2.0
140.23957061767578,40.71,5285.0,37.0,2.0
140.34002876281738,40.71,5285.0,37.0,2.0
140.44048690795898,40.71,5285.0,37.0,2.0
140.5409450531006,40.71,5285.0,37.0,2.0
140.6414031982422,43.63,25.0,37.0,2.0
140.7418613433838,39.84,22.0,0.0,0.0
140.8423194885254,39.94,22.0,0.0,0.0
140.942777633667,39.94,22.0,0.0,0.0
141.0432357788086,39.94,22.0,0.0,0.0
141.1436939239502,39.94,22.0,0.0,0.0
141.2441520690918,39.84,22.0,0.0,0.0
141.3446102142334,39.94,22.0,0.0,0.0
141.445068359375,39.94,22.0,0.0,0.0
141.5455265045166,39.84,22.0,0.0,0.0
141.6459846496582,39.94,22.0,0.0,0.0
141.7464427947998,39.84,22.0,0.0,0.0
141.8469009399414,39.84,22.0,0.0,0.0
141.947359085083,39.94,22.0,0.0,0.0
142.0478172302246,39.94,22.0,0.0,0.0
142.1482753753662,39.94,46.0,0.0,0.0
142.2487335205078,40.71,5285.0,0.0,0.0
142.3491916656494,40.71,5285.0,27.0,1.0
142.44964981079102,40.71,5285.0,27.0,1.0
142.55010795593262,40.71,5285.0,37.0,2.0
142.65056610107422,40.71,5285.0,37.0,2.0
142.75102424621582,40.71,5285.0,37.0,2.0
142.85148239135742,40.71,5285.0,37.0,2.0
142.95194053649902,40.71,5285.0,37.0,2.0
143.05239868164062,40.71,5285.0,37.0,2.0
143.15285682678223,40.71,5285.0,37.0,2.0
143.25331497192383,40.71,5285.0,37.0,2.0
143.35377311706543,40.71,5285.0,37.0,2.0
143.45423126220703,43.63,25.0,37.0,2.0
143.55468940734863,39.84,22.0,0.0,0.0
143.65514755249023,39.94,22.0,0.0,0.0
143.75560569763184,39.94,22.0,0.0,0.0
143.85606384277344,39.94,22.0,0.0,0.0
143.95652198791504,39.94,22.0,0.0,0.0
144.05698013305664,39.84,22.0,0.0,0.0
144.15743827819824,39.94,22.0,0.0,0.0
144.25789642333984,39.94,22.0,0.0,0.0
144.35835456848145,39.84,22.0,0.0,0.0
144.45881271362305,39.94,22.0,0.0,0.0
144.55927085876465,39.84,22.0,0.0,0.0
144.65972900390625,39.84,22.0,0.0,0.0
144.76018714904785,39.94,22.0,0.0,0.0
144.86064529418945,39.94,22.0,0.0,0.0
144.96110343933105,39.94,46.0,0.0,0.0
145.06156158447266,40.71,5285.0,0.0,0.0
145.16201972961426,40.71,5285.0,27.0,1.0
145.26247787475586,40.71,5285.0,27.0,1.0
145.36293601989746,40.71,5285.0,37.0,2.0
145.46339416503906,40.71,5285.0,37.0,2.0
145.56385231018066,40.71,5285.0,37.0,2.0
145.66431045532227,40.71,5285.0,37.0,2.0
145.76476860046387,40.71,5285.0,37.0,2.0
145.86522674560547,40.71,5285.0,37.0,2.0
145.96568489074707,40.71,5285.0,37.0,2.0
146.06614303588867,40.71,5285.0,37.0,2.0
146.16660118103027,40.71,5285.0,37.0,2.0
146.26705932617188,43.63,25.0,37.0,2.0
146.36751747131348,39.84,22.0,0.0,0.0
146.46797561645508,39.94,22.0,0.0,0.0
146.56843376159668,39.94,22.0,0.0,0.0
146.66889190673828,39.94,22.0,0.0,0.0
146.76935005187988,39.94,22.0,0.0,0.0
146.86980819702148,39.84,22.0,0.0,0.0
146.9702663421631,39.94,22.0,0.0,0.0
147.0707244873047,39.94,22.0,0.0,0.0
147.1711826324463,39.84,22.0,0.0,0.0
147.2716407775879,39.94,22.0,0.0,0.0
147.3720989227295,39.84,22.0,0.0,0.0
147.4725570678711,39.84,22.0,0.0,0.0
147.5730152130127,39.94,22.0,0.0,0.0
147.6734733581543,39.94,22.0,0.0,0.0
147.7739315032959,39.94,46.0,0.0,0.0
147.8743896484375,40.71,5285.0,0.0,0.0
147.9748477935791,40.71,5285.0,27.0,1.0
148.0753059387207,40.71,5285.0,27.0,1.0
148.1757640838623,40.71,5285.0,37.0,2.0
148.2762222290039,40.71,5285.0,37.0,2.0
148.3766803741455,40.71,5285.0,37.0,2.0
148.4771385192871,40.71,5285.0,37.0,2.0
148.5775966644287,40.71,5285.0,37.0,2.0
148.6780548095703,40.71,5285.0,37.0,2.0
148.7785129547119,40.71,5285.0,37.0,2.0
148.87897109985352,40.71,5285.0,37.0,2.0
148.97942924499512,40.71,5285.0,37.0,2.0
149.07988739013672,43.63,25.0,37.0,2.0
149.18034553527832,39.84,22.0,0.0,0.0
149.28080368041992,39.94,22.0,0.0,0.0
149.38126182556152,39.94,22.0,0.0,0.0
149.48171997070312,39.94,22.0,0.0,0.0
149.58217811584473,39.94,22.0,0.0,0.0
149.68263626098633,39.84,22.0,0.0,0.0
149.78309440612793,39.94,22.0,0.0,0.0
149.88355255126953,39.94,22.0,0.0,0.0
149.98401069641113,39.84,22.0,0.0,0.0
150.08446884155273,39.94,22.0,0.0,0.0
150.18492698669434,39.84,22.0,0.0,0.0
150.28538513183594,39.84,22.0,0.0,0.0
150.38584327697754,39.94,22.0,0.0,0.0
150.48630142211914,39.94,22.0,0.0,0.0
150.58675956726074,39.94,46.0,0.0,0.0
150.68721771240234,40.71,5285.0,0.0,0.0
150.78767585754395,40.71,5285.0,27.0,1.0
150.88813400268555,40.71,5285.0,27.0,1.0
150.98859214782715,40.71,5285.0,37.0,2.0
151.08905029296875,40.71,5285.0,37.0,2.0
151.18950843811035,40.71,5285.0,37.0,2.0
151.28996658325195,40.71,5285.0,37.0,2.0
151.39042472839355,40.71,5285.0,37.0,2.0
151.49088287353516,40.71,5285.0,37.0,2.0
151.59134101867676,40.71,5285.0,37.0,2.0
151.69179916381836,40.71,5285.0,37.0,2.0
151.79225730895996,40.71,5285.0,37.0,2.0
151.89271545410156,43.63,25.0,37.0,2.0
151.99317359924316,39.84,22.0,0.0,0.0
152.09363174438477,39.94,22.0,0.0,0.0
152.19408988952637,39.94,22.0,0.0,0.0
152.29454803466797,39.94,22.0,0.0,0.0
152.39500617980957,39.94,22.0,0.0,0.0
152.49546432495117,39.84,22.0,0.0,0.0
152.59592247009277,39.94,22.0,0.0,0.0
152.69638061523438,39.94,22.0,0.0,0.0
152.79683876037598,39.84,22.0,0.0,0.0
152.89729690551758,39.94,22.0,0.0,0.0
152.99775505065918,39.84,22.0,0.0,0.0
153.09821319580078,39.84,22.0,0.0,0.0
153.19867134094238,39.94,22.0,0.0,0.0
153.29912948608398,39.94,22.0,0.0,0.0
153.3995876312256,39.94,46.0,0.0,0.0
153.5000457763672,40.71,5285.0,0.0,0.0
153.6005039215088,40.71,5285.0,27.0,1.0
153.7009620666504,40.71,5285.0,27.0,1.0
153.801420211792,40.71,5285.0,37.0,2.0
153.9018783569336,40.71,5285.0,37.0,2.0
154.0023365020752,40.71,5285.0,37.0,2.0
154.1027946472168,40.71,5285.0,37.0,2.0
154.2032527923584,40.71,5285.0,37.0,2.0
154.3037109375,40.71,5285.0,37.0,2.0
154.4041690826416,40.71,5285.0,37.0,2.0
154.5046272277832,40.71,5285.0,37.0,2.0
154.6050853729248,40.71,5285.0,37.0,2.0
154.7055435180664,43.63,25.0,37.0,2.0
154.806001663208,39.84,22.0,0.0,0.0
154.9064598083496,39.94,22.0,0.0,0.0
155.0069179534912,39.94,22.0,0.0,0.0
155.1073760986328,39.94,22.0,0.0,0.0
155.2078342437744,39.94,22.0,0.0,0.0
155.30829238891602,39.84,22.0,0.0,0.0
155.40875053405762,39.94,22.0,0.0,0.0
155.50920867919922,39.94,22.0,0.0,0.0
155.60966682434082,39.84,22.0,0.0,0.0
155.71012496948242,39.94,22.0,0.0,0.0
155.81058311462402,39.84,22.0,0.0,0.0
155.91104125976562,39.84,22.0,0.0,0.0
156.01149940490723,39.94,22.0,0.0,0.0
156.11195755004883,39.94,22.0,0.0,0.0
156.21241569519043,39.94,46.0,0.0,0.0
156.31287384033203,40.71,5285.0,0.0,0.0
156.41333198547363,40.71,5285.0,27.0,1.0
156.51379013061523,40.71,5285.0,27.0,1.0
156.61424827575684,40.71,5285.0,37.0,2.0
156.71470642089844,40.71,5285.0,37.0,2.0
156.81516456604004,40.71,5285.0,37.0,2.0
156.91562271118164,40.71,5285.0,37.0,2.0
157.01608085632324,40.71,5285.0,37.0,2.0
157.11653900146484,40.71,5285.0,37.0,2.0
157.21699714660645,40.71,5285.0,37.0,2.0
157.31745529174805,40.71,5285.0,37.0,2.0
157.41791343688965,40.71,5285.0,37.0,2.0
157.51837158203125,43.63,25.0,37.0,2.0
157.61882972717285,39.84,22.0,0.0,0.0
157.71928787231445,39.94,22.0,0.0,0.0
157.81974601745605,39.94,22.0,0.0,0.0
157.92020416259766,39.94,22.0,0.0,0.0
158.02066230773926,39.94,22.0,0.0,0.0
158.12112045288086,39.84,22.0,0.0,0.0
158.22157859802246,39.94,22.0,0.0,0.0
158.32203674316406,39.94,22.0,0.0,0.0
158.42249488830566,39.84,22.0,0.0,0.0
158.52295303344727,39.94,22.0,0.0,0.0
158.62341117858887,39.84,22.0,0.0,0.0
158.72386932373047,39.84,22.0,0.0,0.0
158.82432746887207,39.94,22.0,0.0,0.0
158.92478561401367,39.94,22.0,0.0,0.0
159.02524375915527,39.94,46.0,0.0,0.0
159.12570190429688,40.71,5285.0,0.0,0.0
159.22616004943848,40.71,5285.0,27.0,1.0
159.32661819458008,40.71,5285.0,27.0,1.0
159.42707633972168,40.71,5285.0,37.0,2.0
159.52753448486328,40.71,5285.0,37.0,2.0
159.62799263000488,40.71,5285.0,37.0,2.0
159.72845077514648,40.71,5285.0,37.0,2.0
159.8289089202881,40.71,5285.0,37.0,2.0
159.9293670654297,40.71,5285.0,37.0,2.0
160.0298252105713,40.71,5285.0,37.0,2.0
160.1302833557129,40.71,5285.0,37.0,2.0
160.2307415008545,40.71,5285.0,37.0,2.0
160.3311996459961,43.63,25.0,37.0,2.0
160.4316577911377,39.84,22.0,0.0,0.0
160.5321159362793,39.94,22.0,0.0,0.0
160.6325740814209,39.94,22.0,0.0,0.0
160.7330322265625,39.94,22.0,0.0,0.0
160.8334903717041,39.94,22.0,0.0,0.0
160.9339485168457,39.84,22.0,0.0,0.0
161.0344066619873,39.94,22.0,0.0,0.0
161.1348648071289,39.94,22.0,0.0,0.0
161.2353229522705,39.84,22.0,0.0,0.0
161.3357810974121,39.94,22.0,0.0,0.0
161.4362392425537,39.84,22.0,0.0,0.0
161.5366973876953,39.84,22.0,0.0,0.0
161.6371555328369,39.94,22.0,0.0,0.0
161.73761367797852,39.94,22.0,0.0,0.0
161.83807182312012,39.94,46.0,0.0,0.0
161.93852996826172,40.71,5285.0,0.0,0.0
162.03898811340332,40.71,5285.0,27.0,1.0
162.13944625854492,40.71,5285.0,27.0,1.0
162.23990440368652,40.71,5285.0,37.0,2.0
162.34036254882812,40.71,5285.0,37.0,2.0
162.44082069396973,40.71,5285.0,37.0,2.0
162.54127883911133,40.71,5285.0,37.0,2.0
162.64173698425293,40.71,5285.0,37.0,2.0
162.74219512939453,40.71,5285.0,37.0,2.0
162.84265327453613,40.71,5285.0,37.0,2.0
162.94311141967773,40.71,5285.0,37.0,2.0
163.04356956481934,40.71,5285.0,37.0,2.0
163.14402770996094,43.63,25.0,37.0,2.0
163.24448585510254,39.84,22.0,0.0,0.0
163.34494400024414,39.94,22.0,0.0,0.0
163.44540214538574,39.94,22.0,0.0,0.0
163.54586029052734,39.94,22.0,0.0,0.0
163.64631843566895,39.94,22.0,0.0,0.0
163.74677658081055,39.84,22.0,0.0,0.0
163.84723472595215,39.94,22.0,0.0,0.0
163.94769287109375,39.94,22.0,0.0,0.0
164.04815101623535,39.84,22.0,0.0,0.0
164.14860916137695,39.94,22.0,0.0,0.0
164.24906730651855,39.84,22.0,0.0,0.0
164.34952545166016,39.84,22.0,0.0,0.0
164.44998359680176,39.94,22.0,0.0,0.0
164.55044174194336,39.94,22.0,0.0,0.0
164.65089988708496,39.94,46.0,0.0,0.0
164.75135803222656,40.71,5285.0,0.0,0.0
164.85181617736816,40.71,5285.0,27.0,1.0
164.95227432250977,40.71,5285.0,27.0,1.0
165.05273246765137,40.71,5285.0,37.0,2.0
165.15319061279297,40.71,5285.0,37.0,2.0
165.25364875793457,40.71,5285.0,37.0,2.0
165.35410690307617,40.71,5285.0,37.0,2.0
165.45456504821777,40.71,5285.0,37.0,2.0
165.55502319335938,40.71,5285.0,37.0,2.0
165.65548133850098,40.71,5285.0,37.0,2.0
165.75593948364258,40.71,5285.0,37.0,2.0
165.85639762878418,40.71,5285.0,37.0,2.0
165.95685577392578,43.63,25.0,37.0,2.0
166.05731391906738,39.84,22.0,0.0,0.0
166.15777206420898,39.94,22.0,0.0,0.0
166.2582302093506,39.94,22.0,0.0,0.0
166.3586883544922,39.94,22.0,0.0,0.0
166.4591464996338,39.94,22.0,0.0,0.0
166.5596046447754,39.84,22.0,0.0,0.0
166.660062789917,39.94,22.0,0.0,0.0
166.7605209350586,39.94,22.0,0.0,0.0
166.8609790802002,39.84,22.0,0.0,0.0
166.9614372253418,39.94,22.0,0.0,0.0
167.0618953704834,39.84,22.0,0.0,0.0
167.162353515625,39.84,22.0,0.0,0.0
167.2628116607666,39.94,22.0,0.0,0.0
167.3632698059082,39.94,22.0,0.0,0.0
167.4637279510498,39.94,46.0,0.0,0.0
167.5641860961914,40.71,5285.0,0.0,0.0
167.664644241333,40.71,5285.0,27.0,1.0
167.7651023864746,40.71,5285.0,27.0,1.0
167.8655605316162,40.71,5285.0,37.0,2.0
167.9660186767578,40.71,5285.0,37.0,2.0
168.0664768218994,40.71,5285.0,37.0,2.0
168.16693496704102,40.71,5285.0,37.0,2.0
168.26739311218262,40.71,5285.0,37.0,2.0
168.36785125732422,40.71,5285.0,37.0,2.0
168.46830940246582,40.71,5285.0,37.0,2.0
168.56876754760742,40.71,5285.0,37.0,2.0
168.66922569274902,40.71,5285.0,37.0,2.0
168.76968383789062,43.63,25.0,37.0,2.0
168.87014198303223,39.84,22.0,0.0,0.0
168.97060012817383,39.94,22.0,0.0,0.0
169.07105827331543,39.94,22.0,0.0,0.0
169.17151641845703,39.94,22.0,0.0,0.0
169.27197456359863,39.94,22.0,0.0,0.0
169.37243270874023,39.84,22.0,0.0,0.0
169.47289085388184,39.94,22.0,0.0,0.0
169.57334899902344,39.94,22.0,0.0,0.0
169.67380714416504,39.84,22.0,0.0,0.0
169.77426528930664,39.94,22.0,0.0,0.0
169.87472343444824,39.84,22.0,0.0,0.0
169.97518157958984,39.84,22.0,0.0,0.0
170.07563972473145,39.94,22.0,0.0,0.0
170.17609786987305,39.94,22.0,0.0,0.0
170.27655601501465,39.94,46.0,0.0,0.0
170.37701416015625,40.71,5285.0,0.0,0.0
170.47747230529785,40.71,5285.0,27.0,1.0
170.57793045043945,40.71,5285.0,27.0,1.0
170.67838859558105,40.71,5285.0,37.0,2.0
170.77884674072266,40.71,5285.0,37.0,2.0
170.87930488586426,40.71,5285.0,37.0,2.0
170.97976303100586,40.71,5285.0,37.0,2.0
171.08022117614746,40.71,5285.0,37.0,2.0
171.18067932128906,40.71,5285.0,37.0,2.0
171.28113746643066,40.71,5285.0,37.0,2.0
171.38159561157227,40.71,5285.0,37.0,2.0
171.48205375671387,40.71,5285.0,37.0,2.0
171.58251190185547,43.63,25.0,37.0,2.0
171.68297004699707,39.84,22.0,0.0,0.0
171.78342819213867,39.94,22.0,0.0,0.0
171.88388633728027,39.94,22.0,0.0,0.0
171.98434448242188,39.94,22.0,0.0,0.0
172.08480262756348,39.94,22.0,0.0,0.0
172.18526077270508,39.84,22.0,0.0,0.0
172.28571891784668,39.94,22.0,0.0,0.0
172.38617706298828,39.94,22.0,0.0,0.0
172.48663520812988,39.84,22.0,0.0,0.0
172.58709335327148,39.94,22.0,0.0,0.0
172.6875514984131,39.84,22.0,0.0,0.0
172.7880096435547,39.84,22.0,0.0,0.0
172.8884677886963,39.94,22.0,0.0,0.0
172.9889259338379,39.94,22.0,0.0,0.0
173.0893840789795,39.94,46.0,0.0,0.0
173.1898422241211,40.71,5285.0,0.0,0.0
173.2903003692627,40.71,5285.0,27.0,1.0
173.3907585144043,40.71,5285.0,27.0,1.0
173.4912166595459,40.71,5285.0,37.0,2.0
173.5916748046875,40.71,5285.0,37.0,2.0
173.6921329498291,40.71,5285.0,37.0,2.0
173.7925910949707,40.71,5285.0,37.0,2.0
173.8930492401123,40.71,5285.0,37.0,2.0
173.9935073852539,40.71,5285.0,37.0,2.0
174.0939655303955,40.71,5285.0,37.0,2.0
174.1944236755371,40.71,5285.0,37.0,2.0
174.2948818206787,40.71,5285.0,37.0,2.0
174.3953399658203,43.63,25.0,37.0,2.0
174.4957981109619,39.84,22.0,0.0,0.0
174.59625625610352,39.94,22.0,0.0,0.0
174.69671440124512,39.94,22.0,0.0,0.0
174.79717254638672,39.94,22.0,0.0,0.0
174.89763069152832,39.94,22.0,0.0,0.0
174.99808883666992,39.84,22.0,0.0,0.0
175.09854698181152,39.94,22.0,0.0,0.0
175.19900512695312,39.94,22.0,0.0,0.0
175.29946327209473,39.84,22.0,0.0,0.0
175.39992141723633,39.94,22.0,0.0,0.0
175.50037956237793,39.84,22.0,0.0,0.0
175.60083770751953,39.84,22.0,0.0,0.0
175.70129585266113,39.94,22.0,0.0,0.0
175.80175399780273,39.94,22.0,0.0,0.0
175.90221214294434,39.94,46.0,0.0,0.0
176.00267028808594,40.71,5285.0,0.0,0.0
176.10312843322754,40.71,5285.0,27.0,1.0
176.20358657836914,40.71,5285.0,27.0,1.0
176.30404472351074,40.71,5285.0,37.0,2.0
176.40450286865234,40.71,5285.0,37.0,2.0
176.50496101379395,40.71,5285.0,37.0,2.0
176.60541915893555,40.71,5285.0,37.0,2.0
176.70587730407715,40.71,5285.0,37.0,2.0
176.80633544921875,40.71,5285.0,37.0,2.0
176.90679359436035,40.71,5285.0,37.0,2.0
177.00725173950195,40.71,5285.0,37.0,2.0
177.10770988464355,40.71,5285.0,37.0,2.0
177.20816802978516,43.63,25.0,37.0,2.0
177.30862617492676,39.84,22.0,0.0,0.0
177.40908432006836,39.94,22.0,0.0,0.0
177.50954246520996,39.94,22.0,0.0,0.0
177.61000061035156,39.94,22.0,0.0,0.0
177.71045875549316,39.94,22.0,0.0,0.0
177.81091690063477,39.84,22.0,0.0,0.0
177.91137504577637,39.94,22.0,0.0,0.0
178.01183319091797,39.94,22.0,0.0,0.0
178.11229133605957,39.84,22.0,0.0,0.0
178.21274948120117,39.94,22.0,0.0,0.0
178.31320762634277,39.84,22.0,0.0,0.0
178.41366577148438,39.84,22.0,0.0,0.0
178.51412391662598,39.94,22.0,0.0,0.0
178.61458206176758,39.94,22.0,0.0,0.0
178.71504020690918,39.94,46.0,0.0,0.0
178.81549835205078,40.71,5285.0,0.0,0.0
178.91595649719238,40.71,5285.0,27.0,1.0
179.01641464233398,40.71,5285.0,27.0,1.0
179.1168727874756,40.71,5285.0,37.0,2.0
179.2173309326172,40.71,5285.0,37.0,2.0
179.3177890777588,40.71,5285.0,37.0,2.0
179.4182472229004,40.71,5285.0,37.0,2.0
179.518705368042,40.71,5285.0,37.0,2.0
179.6191635131836,40.71,5285.0,37.0,2.0
179.7196216583252,40.71,5285.0,37.0,2.0
179.8200798034668,40.71,5285.0,37.0,2.0
179.9205379486084,40.71,5285.0,37.0,2.0
180.02099609375,43.63,25.0,37.0,2.0
180.1214542388916,39.84,22.0,0.0,0.0
180.2219123840332,39.94,22.0,0.0,0.0
180.3223705291748,39.94,22.0,0.0,0.0
180.4228286743164,39.94,22.0,0.0,0.0
180.523286819458,39.94,22.0,0.0,0.0
180.6237449645996,39.84,22.0,0.0,0.0
180.7242031097412,39.94,22.0,0.0,0.0
180.8246612548828,39.94,22.0,0.0,0.0
180.9251194000244,39.84,22.0,0.0,0.0
181.02557754516602,39.94,22.0,0.0,0.0
181.12603569030762,39.84,22.0,0.0,0.0
181.22649383544922,39.84,22.0,0.0,0.0
181.32695198059082,39.94,22.0,0.0,0.0
181.42741012573242,39.94,22.0,0.0,0.0
181.52786827087402,39.94,46.0,0.0,0.0
181.62832641601562,40.71,5285.0,0.0,0.0
181.72878456115723,40.71,5285.0,27.0,1.0
181.82924270629883,40.71,5285.0,27.0,1.0
181.92970085144043,40.71,5285.0,37.0,2.0
182.03015899658203,40.71,5285.0,37.0,2.0
182.13061714172363,40.71,5285.0,37.0,2.0
182.23107528686523,40.71,5285.0,37.0,2.0
182.33153343200684,40.71,5285.0,37.0,2.0
182.43199157714844,40.71,5285.0,37.0,2.0
182.53244972229004,40.71,5285.0,37.0,2.0
182.63290786743164,40.71,5285.0,37.0,2.0
182.73336601257324,40.71,5285.0,37.0,2.0
182.83382415771484,43.63,25.0,37.0,2.0
182.93428230285645,39.84,22.0,0.0,0.0
183.03474044799805,39.94,22.0,0.0,0.0
183.13519859313965,39.94,22.0,0.0,0.0
183.23565673828125,39.94,22.0,0.0,0.0
183.33611488342285,39.94,22.0,0.0,0.0
183.43657302856445,39.84,22.0,0.0,0.0
183.53703117370605,39.94,22.0,0.0,0.0
183.63748931884766,39.94,22.0,0.0,0.0
183.73794746398926,39.84,22.0,0.0,0.0
183.83840560913086,39.94,22.0,0.0,0.0
183.93886375427246,39.84,22.0,0.0,0.0
184.03932189941406,39.84,22.0,0.0,0.0
184.13978004455566,39.94,22.0,0.0,0.0
184.24023818969727,39.94,22.0,0.0,0.0
184.34069633483887,39.94,46.0,0.0,0.0
184.44115447998047,40.71,5285.0,0.0,0.0
184.54161262512207,40.71,5285.0,27.0,1.0
184.64207077026367,40.71,5285.0,27.0,1.0
184.74252891540527,40.71,5285.0,37.0,2.0
184.84298706054688,40.71,5285.0,37.0,2.0
184.94344520568848,40.71,5285.0,37.0,2.0
185.04390335083008,40.71,5285.0,37.0,2.0
185.14436149597168,40.71,5285.0,37.0,2.0
185.24481964111328,40.71,5285.0,37.0,2.0
185.34527778625488,40.71,5285.0,37.0,2.0
185.44573593139648,40.71,5285.0,37.0,2.0
185.5461940765381,40.71,5285.0,37.0,2.0
185.6466522216797,43.63,25.0,37.0,2.0
185.7471103668213,39.84,22.0,0.0,0.0
185.8475685119629,39.94,22.0,0.0,0.0
185.9480266571045,39.94,22.0,0.0,0.0
186.0484848022461,39.94,22.0,0.0,0.0
186.1489429473877,39.94,22.0,0.0,0.0
186.2494010925293,39.84,22.0,0.0,0.0
186.3498592376709,39.94,22.0,0.0,0.0
186.4503173828125,39.94,22.0,0.0,0.0
186.5507755279541,39.84,22.0,0.0,0.0
186.6512336730957,39.94,22.0,0.0,0.0
186.7516918182373,39.84,22.0,0.0,0.0
186.8521499633789,39.84,22.0,0.0,0.0
186.9526081085205,39.94,22.0,0.0,0.0
187.0530662536621,39.94,22.0,0.0,0.0
187.1535243988037,39.94,46.0,0.0,0.0
187.2539825439453,40.71,5285.0,0.0,0.0
187.3544406890869,40.71,5285.0,27.0,1.0
187.45489883422852,40.71,5285.0,27.0,1.0
187.55535697937012,40.71,5285.0,37.0,2.0
187.65581512451172,40.71,5285.0,37.0,2.0
187.75627326965332,40.71,5285.0,37.0,2.0
187.85673141479492,40.71,5285.0,37.0,2.0
187.95718955993652,40.71,5285.0,37.0,2.0
188.05764770507812,40.71,5285.0,37.0,2.0
188.15810585021973,40.71,5285.0,37.0,2.0
188.25856399536133,40.71,5285.0,37.0,2.0
188.35902214050293,40.71,5285.0,37.0,2.0
188.45948028564453,43.63,25.0,37.0,2.0
188.55993843078613,39.84,22.0,0.0,0.0
188.66039657592773,39.94,22.0,0.0,0.0
188.76085472106934,39.94,22.0,0.0,0.0
188.86131286621094,39.94,22.0,0.0,0.0
188.96177101135254,39.94,22.0,0.0,0.0
189.06222915649414,39.84,22.0,0.0,0.0
189.16268730163574,39.94,22.0,0.0,0.0
189.26314544677734,39.94,22.0,0.0,0.0
189.36360359191895,39.84,22.0,0.0,0.0
189.46406173706055,39.94,22.0,0.0,0.0
189.56451988220215,39.84,22.0,0.0,0.0
189.66497802734375,39.84,22.0,0.0,0.0
189.76543617248535,39.94,22.0,0.0,0.0
189.86589431762695,39.94,22.0,0.0,0.0
189.96635246276855,39.94,46.0,0.0,0.0
190.06681060791016,40.71,5285.0,0.0,0.0
190.16726875305176,40.71,5285.0,27.0,1.0
190.26772689819336,40.71,5285.0,27.0,1.0
190.36818504333496,40.71,5285.0,37.0,2.0
190.46864318847656,40.71,5285.0,37.0,2.0
190.56910133361816,40.71,5285.0,37.0,2.0
190.66955947875977,40.71,5285.0,37.0,2.0
190.77001762390137,40.71,5285.0,37.0,2.0
190.87047576904297,40.71,5285.0,37.0,2.0
190.97093391418457,40.71,5285.0,37.0,2.0
191.07139205932617,40.71,5285.0,37.0,2.0
191.17185020446777,40.71,5285.0,37.0,2.0
191.27230834960938,43.63,25.0,37.0,2.0
191.37276649475098,39.84,22.0,0.0,0.0
191.47322463989258,39.94,22.0,0.0,0.0
191.57368278503418,39.94,22.0,0.0,0.0
191.67414093017578,39.94,22.0,0.0,0.0
191.77459907531738,39.94,22.0,0.0,0.0
191.87505722045898,39.84,22.0,0.0,0.0
191.9755153656006,39.94,22.0,0.0,0.0
192.0759735107422,39.94,22.0,0.0,0.0
192.1764316558838,39.84,22.0,0.0,0.0
192.2768898010254,39.94,22.0,0.0,0.0
192.377347946167,39.84,22.0,0.0,0.0
192.4778060913086,39.84,22.0,0.0,0.0
192.5782642364502,39.94,22.0,0.0,0.0
192.6787223815918,39.94,22.0,0.0,0.0
192.7791805267334,39.94,46.0,0.0,0.0
192.879638671875,40.71,5285.0,0.0,0.0
192.9800968170166,40.71,5285.0,27.0,1.0
193.0805549621582,40.71,5285.0,27.0,1.0
193.1810131072998,40.71,5285.0,37.0,2.0
193.2814712524414,40.71,5285.0,37.0,2.0
193.381929397583,40.71,5285.0,37.0,2.0
193.4823875427246,40.71,5285.0,37.0,2.0
193.5828456878662,40.71,5285.0,37.0,2.0
193.6833038330078,40.71,5285.0,37.0,2.0
193.7837619781494,40.71,5285.0,37.0,2.0
193.88422012329102,40.71,5285.0,37.0,2.0
193.98467826843262,40.71,5285.0,37.0,2.0
194.08513641357422,43.63,25.0,37.0,2.0
194.18559455871582,39.84,22.0,0.0,0.0
194.28605270385742,39.94,22.0,0.0,0.0
194.38651084899902,39.94,22.0,0.0,0.0
194.48696899414062,39.94,22.0,0.0,0.0
194.58742713928223,39.94,22.0,0.0,0.0
194.68788528442383,39.84,22.0,0.0,0.0
194.78834342956543,39.94,22.0,0.0,0.0
194.88880157470703,39.94,22.0,0.0,0.0
194.98925971984863,39.84,22.0,0.0,0.0
195.08971786499023,39.94,22.0,0.0,0.0
195.19017601013184,39.84,22.0,0.0,0.0
195.29063415527344,39.84,22.0,0.0,0.0
195.39109230041504,39.94,22.0,0.0,0.0
195.49155044555664,39.94,22.0,0.0,0.0
195.59200859069824,39.94,46.0,0.0,0.0
195.69246673583984,40.71,5285.0,0.0,0.0
195.79292488098145,40.71,5285.0,27.0,1.0
195.89338302612305,40.71,5285.0,27.0,1.0
195.99384117126465,40.71,5285.0,37.0,2.0
196.09429931640625,40.71,5285.0,37.0,2.0
196.19475746154785,40.71,5285.0,37.0,2.0
196.29521560668945,40.71,5285.0,37.0,2.0
196.39567375183105,40.71,5285.0,37.0,2.0
196.49613189697266,40.71,5285.0,37.0,2.0
196.59659004211426,40.71,5285.0,37.0,2.0
196.69704818725586,40.71,5285.0,37.0,2.0
196.79750633239746,40.71,5285.0,37.0,2.0
196.89796447753906,43.63,25.0,37.0,2.0
196.99842262268066,39.84,22.0,0.0,0.0
197.09888076782227,39.94,22.0,0.0,0.0
197.19933891296387,39.94,22.0,0.0,0.0
197.29979705810547,39.94,22.0,0.0,0.0
197.40025520324707,39.94,22.0,0.0,0.0
197.50071334838867,39.84,22.0,0.0,0.0
197.60117149353027,39.94,22.0,0.0,0.0
197.70162963867188,39.94,22.0,0.0,0.0
197.80208778381348,39.84,22.0,0.0,0.0
197.90254592895508,39.94,22.0,0.0,0.0
198.00300407409668,39.84,22.0,0.0,0.0
198.10346221923828,39.84,22.0,0.0,0.0
198.20392036437988,39.94,22.0,0.0,0.0
198.30437850952148,39.94,22.0,0.0,0.0
198.4048366546631,39.94,46.0,0.0,0.0
198.5052947998047,40.71,5285.0,0.0,0.0
198.6057529449463,40.71,5285.0,27.0,1.0
198.7062110900879,40.71,5285.0,27.0,1.0
198.8066692352295,40.71,5285.0,37.0,2.0
198.9071273803711,40.71,5285.0,37.0,2.0
199.0075855255127,40.71,5285.0,37.0,2.0
199.1080436706543,40.71,5285.0,37.0,2.0
199.2085018157959,40.71,5285.0,37.0,2.0
199.3089599609375,40.71,5285.0,37.0,2.0
199.4094181060791,40.71,5285.0,37.0,2.0
199.5098762512207,40.71,5285.0,37.0,2.0
199.6103343963623,40.71,5285.0,37.0,2.0
199.7107925415039,43.63,25.0,37.0,2.0
199.8112506866455,39.84,22.0,0.0,0.0
199.9117088317871,39.94,22.0,0.0,0.0
200.0121669769287,39.94,22.0,0.0,0.0
200.1126251220703,39.94,22.0,0.0,0.0
200.2130832672119,39.94,22.0,0.0,0.0
200.31354141235352,39.84,22.0,0.0,0.0
200.41399955749512,39.94,22.0,0.0,0.0
200.51445770263672,39.94,22.0,0.0,0.0
200.61491584777832,39.84,22.0,0.0,0.0
200.71537399291992,39.94,22.0,0.0,0.0
200.81583213806152,39.84,22.0,0.0,0.0
200.91629028320312,39.84,22.0,0.0,0.0
201.01674842834473,39.94,22.0,0.0,0.0
201.11720657348633,39.94,22.0,0.0,0.0
201.21766471862793,39.94,46.0,0.0,0.0
201.31812286376953,40.71,5285.0,0.0,0.0
201.41858100891113,40.71,5285.0,27.0,1.0
201.51903915405273,40.71,5285.0,27.0,1.0
201.61949729919434,40.71,5285.0,37.0,2.0
201.71995544433594,40.71,5285.0,37.0,2.0
201.82041358947754,40.71,5285.0,37.0,2.0
201.92087173461914,40.71,5285.0,37.0,2.0
202.02132987976074,40.71,5285.0,37.0,2.0
202.12178802490234,40.71,5285.0,37.0,2.0
202.22224617004395,40.71,5285.0,37.0,2.0
202.32270431518555,40.71,5285.0,37.0,2.0
202.42316246032715,40.71,5285.0,37.0,2.0
202.52362060546875,43.63,25.0,37.0,2.0
202.62407875061035,39.84,22.0,0.0,0.0
202.72453689575195,39.94,22.0,0.0,0.0
202.82499504089355,39.94,22.0,0.0,0.0
202.92545318603516,39.94,22.0,0.0,0.0
203.02591133117676,39.94,22.0,0.0,0.0
203.12636947631836,39.84,22.0,0.0,0.0
203.22682762145996,39.94,22.0,0.0,0.0
203.32728576660156,39.94,22.0,0.0,0.0
203.42774391174316,39.84,22.0,0.0,0.0
203.52820205688477,39.94,22.0,0.0,0.0
203.62866020202637,39.84,22.0,0.0,0.0
203.72911834716797,39.84,22.0,0.0,0.0
203.82957649230957,39.94,22.0,0.0,0.0
203.93003463745117,39.94,22.0,0.0,0.0
204.03049278259277,39.94,46.0,0.0,0.0
204.13095092773438,40.71,5285.0,0.0,0.0
204.23140907287598,40.71,5285.0,27.0,1.0
204.33186721801758,40.71,5285.0,27.0,1.0
204.43232536315918,40.71,5285.0,37.0,2.0
204.53278350830078,40.71,5285.0,37.0,2.0
204.63324165344238,40.71,5285.0,37.0,2.0
204.73369979858398,40.71,5285.0,37.0,2.0
204.8341579437256,40.71,5285.0,37.0,2.0
204.9346160888672,40.71,5285.0,37.0,2.0
205.0350742340088,40.71,5285.0,37.0,2.0
205.1355323791504,40.71,5285.0,37.0,2.0
205.235990524292,40.71,5285.0,37.0,2.0
205.3364486694336,43.63,25.0,37.0,2.0
205.4369068145752,39.84,22.0,0.0,0.0
205.5373649597168,39.94,22.0,0.0,0.0
205.6378231048584,39.94,22.0,0.0,0.0
205.73828125,39.94,22.0,0.0,0.0
205.8387393951416,39.94,22.0,0.0,0.0
205.9391975402832,39.84,22.0,0.0,0.0
206.0396556854248,39.94,22.0,0.0,0.0
206.1401138305664,39.94,22.0,0.0,0.0
206.240571975708,39.84,22.0,0.0,0.0
206.3410301208496,39.94,22.0,0.0,0.0
206.4414882659912,39.84,22.0,0.0,0.0
206.5419464111328,39.84,22.0,0.0,0.0
206.6424045562744,39.94,22.0,0.0,0.0
206.74286270141602,39.94,22.0,0.0,0.0
206.84332084655762,39.94,46.0,0.0,0.0
206.94377899169922,40.71,5285.0,0.0,0.0
207.04423713684082,40.71,5285.0,27.0,1.0
207.14469528198242,40.71,5285.0,27.0,1.0
207.24515342712402,40.71,5285.0,37.0,2.0
207.34561157226562,40.71,5285.0,37.0,2.0
207.44606971740723,40.71,5285.0,37.0,2.0
207.54652786254883,40.71,5285.0,37.0,2.0
207.64698600769043,40.71,5285.0,37.0,2.0
207.74744415283203,40.71,5285.0,37.0,2.0
207.84790229797363,40.71,5285.0,37.0,2.0
207.94836044311523,40.71,5285.0,37.0,2.0
208.04881858825684,40.71,5285.0,37.0,2.0
208.14927673339844,43.63,25.0,37.0,2.0
208.24973487854004,39.84,22.0,0.0,0.0
208.35019302368164,39.94,22.0,0.0,0.0
208.45065116882324,39.94,22.0,0.0,0.0
208.55110931396484,39.94,22.0,0.0,0.0
208.65156745910645,39.94,22.0,0.0,0.0
208.75202560424805,39.84,22.0,0.0,0.0
208.85248374938965,39.94,22.0,0.0,0.0
208.95294189453125,39.94,22.0,0.0,0.0
209.05340003967285,39.84,22.0,0.0,0.0
209.15385818481445,39.94,22.0,0.0,0.0
209.25431632995605,39.84,22.0,0.0,0.0
209.35477447509766,39.84,22.0,0.0,0.0
209.45523262023926,39.94,22.0,0.0,0.0
209.55569076538086,39.94,22.0,0.0,0.0
209.65614891052246,39.94,46.0,0.0,0.0
209.75660705566406,40.71,5285.0,0.0,0.0
209.85706520080566,40.71,5285.0,27.0,1.0
209.95752334594727,40.71,5285.0,27.0,1.0
210.05798149108887,40.71,5285.0,37.0,2.0
210.15843963623047,40.71,5285.0,37.0,2.0
210.25889778137207,40.71,5285.0,37.0,2.0
210.35935592651367,40.71,5285.0,37.0,2.0
210.45981407165527,40.71,5285.0,37.0,2.0
210.56027221679688,40.71,5285.0,37.0,2.0
210.66073036193848,40.71,5285.0,37.0,2.0
210.76118850708008,40.71,5285.0,37.0,2.0
210.86164665222168,40.71,5285.0,37.0,2.0
210.96210479736328,43.63,25.0,37.0,2.0
211.06256294250488,39.84,22.0,0.0,0.0
211.16302108764648,39.94,22.0,0.0,0.0
211.2634792327881,39.94,22.0,0.0,0.0
211.3639373779297,39.94,22.0,0.0,0.0
211.4643955230713,39.94,22.0,0.0,0.0
211.5648536682129,39.84,22.0,0.0,0.0
211.6653118133545,39.94,22.0,0.0,0.0
211.7657699584961,39.94,22.0,0.0,0.0
211.8662281036377,39.84,22.0,0.0,0.0
211.9666862487793,39.94,22.0,0.0,0.0
212.0671443939209,39.84,22.0,0.0,0.0
212.1676025390625,39.84,22.0,0.0,0.0
212.2680606842041,39.94,22.0,0.0,0.0
212.3685188293457,39.94,22.0,0.0,0.0
212.4689769744873,39.94,46.0,0.0,0.0
212.5694351196289,40.71,5285.0,0.0,0.0
212.6698932647705,40.71,5285.0,27.0,1.0
212.7703514099121,40.71,5285.0,27.0,1.0
212.8708095550537,40.71,5285.0,37.0,2.0
212.9712677001953,40.71,5285.0,37.0,2.0
213.0717258453369,40.71,5285.0,37.0,2.0
213.17218399047852,40.71,5285.0,37.0,2.0
213.27264213562012,40.71,5285.0,37.0,2.0
213.37310028076172,40.71,5285.0,37.0,2.0
213.47355842590332,40.71,5285.0,37.0,2.0
213.57401657104492,40.71,5285.0,37.0,2.0
213.67447471618652,40.71,5285.0,37.0,2.0
213.77493286132812,43.63,25.0,37.0,2.0
213.87539100646973,39.84,22.0,0.0,0.0
213.97584915161133,39.94,22.0,0.0,0.0
214.07630729675293,39.94,22.0,0.0,0.0
214.17676544189453,39.94,22.0,0.0,0.0
214.27722358703613,39.94,22.0,0.0,0.0
214.37768173217773,39.84,22.0,0.0,0.0
214.47813987731934,39.94,22.0,0.0,0.0
214.57859802246094,39.94,22.0,0.0,0.0
214.67905616760254,39.84,22.0,0.0,0.0
214.77951431274414,39.94,22.0,0.0,0.0
214.87997245788574,39.84,22.0,0.0,0.0
214.98043060302734,39.84,22.0,0.0,0.0
215.08088874816895,39.94,22.0,0.0,0.0
215.18134689331055,39.94,22.0,0.0,0.0
215.28180503845215,39.94,46.0,0.0,0.0
215.38226318359375,40.71,5285.0,0.0,0.0
215.48272132873535,40.71,5285.0,27.0,1.0
215.58317947387695,40.71,5285.0,27.0,1.0
215.68363761901855,40.71,5285.0,37.0,2.0
215.78409576416016,40.71,5285.0,37.0,2.0
215.88455390930176,40.71,5285.0,37.0,2.0
215.98501205444336,40.71,5285.0,37.0,2.0
216.08547019958496,40.71,5285.0,37.0,2.0
216.18592834472656,40.71,5285.0,37.0,2.0
216.28638648986816,40.71,5285.0,37.0,2.0
216.38684463500977,40.71,5285.0,37.0,2.0
216.48730278015137,40.71,5285.0,37.0,2.0
216.58776092529297,43.63,25.0,37.0,2.0
216.68821907043457,39.84,22.0,0.0,0.0
216.78867721557617,39.94,22.0,0.0,0.0
216.88913536071777,39.94,22.0,0.0,0.0
216.98959350585938,39.94,22.0,0.0,0.0
217.09005165100098,39.94,22.0,0.0,0.0
217.19050979614258,39.84,22.0,0.0,0.0
217.29096794128418,39.94,22.0,0.0,0.0
217.39142608642578,39.94,22.0,0.0,0.0
217.49188423156738,39.84,22.0,0.0,0.0
217.59234237670898,39.94,22.0,0.0,0.0
217.6928005218506,39.84,22.0,0.0,0.0
217.7932586669922,39.84,22.0,0.0,0.0
217.8937168121338,39.94,22.0,0.0,0.0
217.9941749572754,39.94,22.0,0.0,0.0
218.094633102417,39.94,46.0,0.0,0.0
218.1950912475586,40.71,5285.0,0.0,0.0
218.2955493927002,40.71,5285.0,27.0,1.0
218.3960075378418,40.71,5285.0,27.0,1.0
218.4964656829834,40.71,5285.0,37.0,2.0
218.596923828125,40.71,5285.0,37.0,2.0
218.6973819732666,40.71,5285.0,37.0,2.0
218.7978401184082,40.71,5285.0,37.0,2.0
218.8982982635498,40.71,5285.0,37.0,2.0
218.9987564086914,40.71,5285.0,37.0,2.0
219.099214553833,40.71,5285.0,37.0,2.0
219.1996726989746,40.71,5285.0,37.0,2.0
219.3001308441162,40.71,5285.0,37.0,2.0
219.4005889892578,43.63,25.0,37.0,2.0
219.5010471343994,39.84,22.0,0.0,0.0
219.60150527954102,39.94,22.0,0.0,0.0
219.70196342468262,39.94,22.0,0.0,0.0
219.80242156982422,39.94,22.0,0.0,0.0
219.90287971496582,39.94,22.0,0.0,0.0
220.00333786010742,39.84,22.0,0.0,0.0
220.10379600524902,39.94,22.0,0.0,0.0
220.20425415039062,39.94,22.0,0.0,0.0
220.30471229553223,39.84,22.0,0.0,0.0
220.40517044067383,39.94,22.0,0.0,0.0
220.50562858581543,39.84,22.0,0.0,0.0
220.60608673095703,39.84,22.0,0.0,0.0
220.70654487609863,39.94,22.0,0.0,0.0
220.80700302124023,39.94,22.0,0.0,0.0
220.90746116638184,39.94,46.0,0.0,0.0
221.00791931152344,40.71,5285.0,0.0,0.0
221.10837745666504,40.71,5285.0,27.0,1.0
221.20883560180664,40.71,5285.0,27.0,1.0
221.30929374694824,40.71,5285.0,37.0,2.0
221.40975189208984,40.71,5285.0,37.0,2.0
221.51021003723145,40.71,5285.0,37.0,2.0
221.61066818237305,40.71,5285.0,37.0,2.0
221.71112632751465,40.71,5285.0,37.0,2.0
221.81158447265625,40.71,5285.0,37.0,2.0
221.91204261779785,40.71,5285.0,37.0,2.0
222.01250076293945,40.71,5285.0,37.0,2.0
222.11295890808105,40.71,5285.0,37.0,2.0
222.21341705322266,43.63,25.0,37.0,2.0
222.31387519836426,39.84,22.0,0.0,0.0
222.41433334350586,39.94,22.0,0.0,0.0
222.51479148864746,39.94,22.0,0.0,0.0
222.61524963378906,39.94,22.0,0.0,0.0
222.71570777893066,39.94,22.0,0.0,0.0
222.81616592407227,39.84,22.0,0.0,0.0
222.91662406921387,39.94,22.0,0.0,0.0
223.01708221435547,39.94,22.0,0.0,0.0
223.11754035949707,39.84,22.0,0.0,0.0
223.21799850463867,39.94,22.0,0.0,0.0
223.31845664978027,39.84,22.0,0.0,0.0
223.41891479492188,39.84,22.0,0.0,0.0
223.51937294006348,39.94,22.0,0.0,0.0
223.61983108520508,39.94,22.0,0.0,0.0
223.72028923034668,39.94,46.0,0.0,0.0
223.82074737548828,40.71,5285.0,0.0,0.0
223.92120552062988,40.71,5285.0,27.0,1.0
224.02166366577148,40.71,5285.0,27.0,1.0
224.1221218109131,40.71,5285.0,37.0,2.0
224.2225799560547,40.71,5285.0,37.0,2.0
224.3230381011963,40.71,5285.0,37.0,2.0
224.4234962463379,40.71,5285.0,37.0,2.0
224.5239543914795,40.71,5285.0,37.0,2.0
224.6244125366211,40.71,5285.0,37.0,2.0
224.7248706817627,40.71,5285.0,37.0,2.0
224.8253288269043,40.71,5285.0,37.0,2.0
224.9257869720459,40.71,5285.0,37.0,2.0
225.0262451171875,43.63,25.0,37.0,2.0
225.1267032623291,39.84,22.0,0.0,0.0
225.2271614074707,39.94,22.0,0.0,0.0
225.3276195526123,39.94,22.0,0.0,0.0
225.4280776977539,39.94,22.0,0.0,0.0
225.5285358428955,39.94,22.0,0.0,0.0
225.6289939880371,39.84,22.0,0.0,0.0
225.7294521331787,39.94,22.0,0.0,0.0
225.8299102783203,39.94,22.0,0.0,0.0
225.9303684234619,39.84,22.0,0.0,0.0
226.03082656860352,39.94,22.0,0.0,0.0
226.13128471374512,39.84,22.0,0.0,0.0
226.23174285888672,39.84,22.0,0.0,0.0
226.33220100402832,39.94,22.0,0.0,0.0
226.43265914916992,39.94,22.0,0.0,0.0
226.53311729431152,39.94,46.0,0.0,0.0
226.63357543945312,40.71,5285.0,0.0,0.0
226.73403358459473,40.71,5285.0,27.0,1.0
226.83449172973633,40.71,5285.0,27.0,1.0
226.93494987487793,40.71,5285.0,37.0,2.0
227.03540802001953,40.71,5285.0,37.0,2.0
227.13586616516113,40.71,5285.0,37.0,2.0
227.23632431030273,40.71,5285.0,37.0,2.0
227.33678245544434,40.71,5285.0,37.0,2.0
227.43724060058594,40.71,5285.0,37.0,2.0
227.53769874572754,40.71,5285.0,37.0,2.0
227.63815689086914,40.71,5285.0,37.0,2.0
227.73861503601074,40.71,5285.0,37.0,2.0
227.83907318115234,43.63,25.0,37.0,2.0
227.93953132629395,39.84,22.0,0.0,0.0
228.03998947143555,39.94,22.0,0.0,0.0
228.14044761657715,39.94,22.0,0.0,0.0
228.24090576171875,39.94,22.0,0.0,0.0
228.34136390686035,39.94,22.0,0.0,0.0
228.44182205200195,39.84,22.0,0.0,0.0
228.54228019714355,39.94,22.0,0.0,0.0
228.64273834228516,39.94,22.0,0.0,0.0
228.74319648742676,39.84,22.0,0.0,0.0
228.84365463256836,39.94,22.0,0.0,0.0
228.94411277770996,39.84,22.0,0.0,0.0
229.04457092285156,39.84,22.0,0.0,0.0
229.14502906799316,39.94,22.0,0.0,0.0
229.24548721313477,39.94,22.0,0.0,0.0
229.34594535827637,39.94,46.0,0.0,0.0
229.44640350341797,40.71,5285.0,0.0,0.0
229.54686164855957,40.71,5285.0,27.0,1.0
229.64731979370117,40.71,5285.0,27.0,1.0
229.74777793884277,40.71,5285.0,37.0,2.0
229.84823608398438,40.71,5285.0,37.0,2.0
229.94869422912598,40.71,5285.0,37.0,2.0
230.04915237426758,40.71,5285.0,37.0,2.0
230.14961051940918,40.71,5285.0,37.0,2.0
230.25006866455078,40.71,5285.0,37.0,2.0
230.35052680969238,40.71,5285.0,37.0,2.0
230.45098495483398,40.71,5285.0,37.0,2.0
230.5514430999756,40.71,5285.0,37.0,2.0
230.6519012451172,43.63,25.0,37.0,2.0
230.7523593902588,39.84,22.0,0.0,0.0
230.8528175354004,39.94,22.0,0.0,0.0
230.953275680542,39.94,22.0,0.0,0.0
231.0537338256836,39.94,22.0,0.0,0.0
231.1541919708252,39.94,22.0,0.0,0.0
231.2546501159668,39.84,22.0,0.0,0.0
231.3551082611084,39.94,22.0,0.0,0.0
231.45556640625,39.94,22.0,0.0,0.0
231.5560245513916,39.84,22.0,0.0,0.0
231.6564826965332,39.94,22.0,0.0,0.0
231.7569408416748,39.84,22.0,0.0,0.0
231.8573989868164,39.84,22.0,0.0,0.0
231.957857131958,39.94,22.0,0.0,0.0
232.0583152770996,39.94,22.0,0.0,0.0
232.1587734222412,39.94,46.0,0.0,0.0
232.2592315673828,40.71,5285.0,0.0,0.0
232.3596897125244,40.71,5285.0,27.0,1.0
232.46014785766602,40.71,5285.0,27.0,1.0
232.56060600280762,40.71,5285.0,37.0,2.0
232.66106414794922,40.71,5285.0,37.0,2.0
232.76152229309082,40.71,5285.0,37.0,2.0
232.86198043823242,40.71,5285.0,37.0,2.0
232.96243858337402,40.71,5285.0,37.0,2.0
233.06289672851562,40.71,5285.0,37.0,2.0
233.16335487365723,40.71,5285.0,37.0,2.0
233.26381301879883,40.71,5285.0,37.0,2.0
233.36427116394043,40.71,5285.0,37.0,2.0
233.46472930908203,43.63,25.0,37.0,2.0
233.56518745422363,39.84,22.0,0.0,0.0
233.66564559936523,39.94,22.0,0.0,0.0
233.76610374450684,39.94,22.0,0.0,0.0
233.86656188964844,39.94,22.0,0.0,0.0
233.96702003479004,39.94,22.0,0.0,0.0
234.06747817993164,39.84,22.0,0.0,0.0
234.16793632507324,39.94,22.0,0.0,0.0
234.26839447021484,39.94,22.0,0.0,0.0
234.36885261535645,39.84,22.0,0.0,0.0
234.46931076049805,39.94,22.0,0.0,0.0
234.56976890563965,39.84,22.0,0.0,0.0
234.67022705078125,39.84,22.0,0.0,0.0
234.77068519592285,39.94,22.0,0.0,0.0
234.87114334106445,39.94,22.0,0.0,0.0
234.97160148620605,39.94,46.0,0.0,0.0
235.07205963134766,40.71,5285.0,0.0,0.0
235.17251777648926,40.71,5285.0,27.0,1.0
235.27297592163086,40.71,5285.0,27.0,1.0
235.37343406677246,40.71,5285.0,37.0,2.0
235.47389221191406,40.71,5285.0,37.0,2.0
235.57435035705566,40.71,5285.0,37.0,2.0
235.67480850219727,40.71,5285.0,37.0,2.0
235.77526664733887,40.71,5285.0,37.0,2.0
235.87572479248047,40.71,5285.0,37.0,2.0
235.97618293762207,40.71,5285.0,37.0,2.0
236.07664108276367,40.71,5285.0,37.0,2.0
236.17709922790527,40.71,5285.0,37.0,2.0
236.27755737304688,43.63,25.0,37.0,2.0
236.37801551818848,39.84,22.0,0.0,0.0
236.47847366333008,39.94,22.0,0.0,0.0
236.57893180847168,39.94,22.0,0.0,0.0
236.67938995361328,39.94,22.0,0.0,0.0
236.77984809875488,39.94,22.0,0.0,0.0
236.88030624389648,39.84,22.0,0.0,0.0
236.9807643890381,39.94,22.0,0.0,0.0
237.0812225341797,39.94,22.0,0.0,0.0
237.1816806793213,39.84,22.0,0.0,0.0
237.2821388244629,39.94,22.0,0.0,0.0
237.3825969696045,39.84,22.0,0.0,0.0
237.4830551147461,39.84,22.0,0.0,0.0
237.5835132598877,39.94,22.0,0.0,0.0
237.6839714050293,39.94,22.0,0.0,0.0
237.7844295501709,39.94,46.0,0.0,0.0
237.8848876953125,40.71,5285.0,0.0,0.0
237.9853458404541,40.71,5285.0,27.0,1.0
238.0858039855957,40.71,5285.0,27.0,1.0
238.1862621307373,40.71,5285.0,37.0,2.0
238.2867202758789,40.71,5285.0,37.0,2.0
238.3871784210205,40.71,5285.0,37.0,2.0
238.4876365661621,40.71,5285.0,37.0,2.0
238.5880947113037,40.71,5285.0,37.0,2.0
238.6885528564453,40.71,5285.0,37.0,2.0
238.7890110015869,40.71,5285.0,37.0,2.0
238.88946914672852,40.71,5285.0,37.0,2.0
238.98992729187012,40.71,5285.0,37.0,2.0
239.09038543701172,43.63,25.0,37.0,2.0
239.19084358215332,39.84,22.0,0.0,0.0
239.29130172729492,39.94,22.0,0.0,0.0
239.39175987243652,39.94,22.0,0.0,0.0
239.49221801757812,39.94,22.0,0.0,0.0
239.59267616271973,39.94,22.0,0.0,0.0
239.69313430786133,39.84,22.0,0.0,0.0
239.79359245300293,39.94,22.0,0.0,0.0
239.89405059814453,39.94,22.0,0.0,0.0
239.99450874328613,39.84,22.0,0.0,0.0
240.09496688842773,39.94,22.0,0.0,0.0
240.19542503356934,39.84,22.0,0.0,0.0
240.29588317871094,39.84,22.0,0.0,0.0
240.39634132385254,39.94,22.0,0.0,0.0
240.49679946899414,39.94,22.0,0.0,0.0
240.59725761413574,39.94,46.0,0.0,0.0
240.69771575927734,40.71,5285.0,0.0,0.0
240.79817390441895,40.71,5285.0,27.0,1.0
240.89863204956055,40.71,5285.0,27.0,1.0
240.99909019470215,40.71,5285.0,37.0,2.0
241.09954833984375,40.71,5285.0,37.0,2.0
241.20000648498535,40.71,5285.0,37.0,2.0
241.30046463012695,40.71,5285.0,37.0,2.0
241.40092277526855,40.71,5285.0,37.0,2.0
241.50138092041016,40.71,5285.0,37.0,2.0
241.60183906555176,40.71,5285.0,37.0,2.0
241.70229721069336,40.71,5285.0,37.0,2.0
241.80275535583496,40.71,5285.0,37.0,2.0
241.90321350097656,43.63,25.0,37.0,2.0
242.00367164611816,39.84,22.0,0.0,0.0
242.10412979125977,39.94,22.0,0.0,0.0
242.20458793640137,39.94,22.0,0.0,0.0
242.30504608154297,39.94,22.0,0.0,0.0
242.40550422668457,39.94,22.0,0.0,0.0
242.50596237182617,39.84,22.0,0.0,0.0
242.60642051696777,39.94,22.0,0.0,0.0
242.70687866210938,39.94,22.0,0.0,0.0
242.80733680725098,39.84,22.0,0.0,0.0
242.90779495239258,39.94,22.0,0.0,0.0
243.00825309753418,39.84,22.0,0.0,0.0
243.10871124267578,39.84,22.0,0.0,0.0
243.20916938781738,39.94,22.0,0.0,0.0
243.30962753295898,39.94,22.0,0.0,0.0
243.4100856781006,39.94,46.0,0.0,0.0
243.5105438232422,40.71,5285.0,0.0,0.0
243.6110019683838,40.71,5285.0,27.0,1.0
243.7114601135254,40.71,5285.0,27.0,1.0
243.811918258667,40.71,5285.0,37.0,2.0
243.9123764038086,40.71,5285.0,37.0,2.0
244.0128345489502,40.71,5285.0,37.0,2.0
244.1132926940918,40.71,5285.0,37.0,2.0
244.2137508392334,40.71,5285.0,37.0,2.0
244.314208984375,40.71,5285.0,37.0,2.0
244.4146671295166,40.71,5285.0,37.0,2.0
244.5151252746582,40.71,5285.0,37.0,2.0
244.6155834197998,40.71,5285.0,37.0,2.0
244.7160415649414,43.63,25.0,37.0,2.0
244.816499710083,39.84,22.0,0.0,0.0
244.9169578552246,39.94,22.0,0.0,0.0
245.0174160003662,39.94,22.0,0.0,0.0
245.1178741455078,39.94,22.0,0.0,0.0
245.2183322906494,39.94,22.0,0.0,0.0
245.31879043579102,39.84,22.0,0.0,0.0
245.41924858093262,39.94,22.0,0.0,0.0
245.51970672607422,39.94,22.0,0.0,0.0
245.62016487121582,39.84,22.0,0.0,0.0
245.72062301635742,39.94,22.0,0.0,0.0
245.82108116149902,39.84,22.0,0.0,0.0
245.92153930664062,39.84,22.0,0.0,0.0
246.02199745178223,39.94,22.0,0.0,0.0
246.12245559692383,39.94,22.0,0.0,0.0
246.22291374206543,39.94,46.0,0.0,0.0
246.32337188720703,40.71,5285.0,0.0,0.0
246.42383003234863,40.71,5285.0,27.0,1.0
246.52428817749023,40.71,5285.0,27.0,1.0
246.62474632263184,40.71,5285.0,37.0,2.0
246.72520446777344,40.71,5285.0,37.0,2.0
246.82566261291504,40.71,5285.0,37.0,2.0
246.92612075805664,40.71,5285.0,37.0,2.0
247.02657890319824,40.71,5285.0,37.0,2.0
247.12703704833984,40.71,5285.0,37.0,2.0
247.22749519348145,40.71,5285.0,37.0,2.0
247.32795333862305,40.71,5285.0,37.0,2.0
247.42841148376465,40.71,5285.0,37.0,2.0
247.52886962890625,43.63,25.0,37.0,2.0
247.62932777404785,39.84,22.0,0.0,0.0
247.72978591918945,39.94,22.0,0.0,0.0
247.83024406433105,39.94,22.0,0.0,0.0
247.93070220947266,39.94,22.0,0.0,0.0
248.03116035461426,39.94,22.0,0.0,0.0
248.13161849975586,39.84,22.0,0.0,0.0
248.23207664489746,39.94,22.0,0.0,0.0
248.33253479003906,39.94,22.0,0.0,0.0
248.43299293518066,39.84,22.0,0.0,0.0
248.53345108032227,39.94,22.0,0.0,0.0
248.63390922546387,39.84,22.0,0.0,0.0
248.73436737060547,39.84,22.0,0.0,0.0
248.83482551574707,39.94,22.0,0.0,0.0
248.93528366088867,39.94,22.0,0.0,0.0
249.03574180603027,39.94,46.0,0.0,0.0
249.13619995117188,40.71,5285.0,0.0,0.0
249.23665809631348,40.71,5285.0,27.0,1.0
249.33711624145508,40.71,5285.0,27.0,1.0
249.43757438659668,40.71,5285.0,37.0,2.0
249.53803253173828,40.71,5285.0,37.0,2.0
249.63849067687988,40.71,5285.0,37.0,2.0
249.73894882202148,40.71,5285.0,37.0,2.0
249.8394069671631,40.71,5285.0,37.0,2.0
249.9398651123047,40.71,5285.0,37.0,2.0
250.0403232574463,40.71,5285.0,37.0,2.0
250.1407814025879,40.71,5285.0,37.0,2.0
250.2412395477295,40.71,5285.0,37.0,2.0
250.3416976928711,43.63,25.0,37.0,2.0
250.4421558380127,39.84,22.0,0.0,0.0
250.5426139831543,39.94,22.0,0.0,0.0
250.6430721282959,39.94,22.0,0.0,0.0
250.7435302734375,39.94,22.0,0.0,0.0
250.8439884185791,39.94,22.0,0.0,0.0
250.9444465637207,39.84,22.0,0.0,0.0
251.0449047088623,39.94,22.0,0.0,0.0
251.1453628540039,39.94,22.0,0.0,0.0
251.2458209991455,39.84,22.0,0.0,0.0
251.3462791442871,39.94,22.0,0.0,0.0
251.4467372894287,39.84,22.0,0.0,0.0
251.5471954345703,39.84,22.0,0.0,0.0
251.6476535797119,39.94,22.0,0.0,0.0
251.74811172485352,39.94,22.0,0.0,0.0
251.84856986999512,39.94,46.0,0.0,0.0
251.94902801513672,40.71,5285.0,0.0,0.0
252.04948616027832,40.71,5285.0,27.0,1.0
252.14994430541992,40.71,5285.0,27.0,1.0
252.25040245056152,40.71,5285.0,37.0,2.0
252.35086059570312,40.71,5285.0,37.0,2.0
252.45131874084473,40.71,5285.0,37.0,2.0
252.55177688598633,40.71,5285.0,37.0,2.0
252.65223503112793,40.71,5285.0,37.0,2.0
252.75269317626953,40.71,5285.0,37.0,2.0
252.85315132141113,40.71,5285.0,37.0,2.0
252.95360946655273,40.71,5285.0,37.0,2.0
253.05406761169434,40.71,5285.0,37.0,2.0
253.15452575683594,43.63,25.0,37.0,2.0
253.25498390197754,39.84,22.0,0.0,0.0
253.35544204711914,39.94,22.0,0.0,0.0
253.45590019226074,39.94,22.0,0.0,0.0
253.55635833740234,39.94,22.0,0.0,0.0
253.65681648254395,39.94,22.0,0.0,0.0
253.75727462768555,39.84,22.0,0.0,0.0
253.85773277282715,39.94,22.0,0.0,0.0
253.95819091796875,39.94,22.0,0.0,0.0
254.05864906311035,39.84,22.0,0.0,0.0
254.15910720825195,39.94,22.0,0.0,0.0
254.25956535339355,39.84,22.0,0.0,0.0
254.36002349853516,39.84,22.0,0.0,0.0
254.46048164367676,39.94,22.0,0.0,0.0
254.56093978881836,39.94,22.0,0.0,0.0
254.66139793395996,39.94,46.0,0.0,0.0
254.76185607910156,40.71,5285.0,0.0,0.0
254.86231422424316,40.71,5285.0,27.0,1.0
254.96277236938477,40.71,5285.0,27.0,1.0
255.06323051452637,40.71,5285.0,37.0,2.0
255.16368865966797,40.71,5285.0,37.0,2.0
255.26414680480957,40.71,5285.0,37.0,2.0
255.36460494995117,40.71,5285.0,37.0,2.0
255.46506309509277,40.71,5285.0,37.0,2.0
255.56552124023438,40.71,5285.0,37.0,2.0
255.66597938537598,40.71,5285.0,37.0,2.0
255.76643753051758,40.71,5285.0,37.0,2.0
255.86689567565918,40.71,5285.0,37.0,2.0
255.96735382080078,43.63,25.0,37.0,2.0
256.0678119659424,39.84,22.0,0.0,0.0
256.168270111084,39.94,22.0,0.0,0.0
256.2687282562256,39.94,22.0,0.0,0.0
256.3691864013672,39.94,22.0,0.0,0.0
256.4696445465088,39.94,22.0,0.0,0.0
256.5701026916504,39.84,22.0,0.0,0.0
256.670560836792,39.94,22.0,0.0,0.0
256.7710189819336,39.94,22.0,0.0,0.0
256.8714771270752,39.84,22.0,0.0,0.0
256.9719352722168,39.94,22.0,0.0,0.0
257.0723934173584,39.84,22.0,0.0,0.0
257.1728515625,39.84,22.0,0.0,0.0
257.2733097076416,39.94,22.0,0.0,0.0
257.3737678527832,39.94,22.0,0.0,0.0
257.4742259979248,39.94,46.0,0.0,0.0
257.5746841430664,40.71,5285.0,0.0,0.0
257.675142288208,40.71,5285.0,27.0,1.0
257.7756004333496,40.71,5285.0,27.0,1.0
257.8760585784912,40.71,5285.0,37.0,2.0
257.9765167236328,40.71,5285.0,37.0,2.0
258.0769748687744,40.71,5285.0,37.0,2.0
258.177433013916,40.71,5285.0,37.0,2.0
258.2778911590576,40.71,5285.0,37.0,2.0
258.3783493041992,40.71,5285.0,37.0,2.0
258.4788074493408,40.71,5285.0,37.0,2.0
258.5792655944824,40.71,5285.0,37.0,2.0
258.679723739624,40.71,5285.0,37.0,2.0
258.7801818847656,43.63,25.0,37.0,2.0
258.8806400299072,39.84,22.0,0.0,0.0
258.9810981750488,39.94,22.0,0.0,0.0
259.08155632019043,39.94,22.0,0.0,0.0
259.18201446533203,39.94,22.0,0.0,0.0
259.28247261047363,39.94,22.0,0.0,0.0
259.38293075561523,39.84,22.0,0.0,0.0
259.48338890075684,39.94,22.0,0.0,0.0
259.58384704589844,39.94,22.0,0.0,0.0
259.68430519104004,39.84,22.0,0.0,0.0
259.78476333618164,39.94,22.0,0.0,0.0
259.88522148132324,39.84,22.0,0.0,0.0
259.98567962646484,39.84,22.0,0.0,0.0
260.08613777160645,39.94,22.0,0.0,0.0
260.18659591674805,39.94,22.0,0.0,0.0
260.28705406188965,39.94,46.0,0.0,0.0
260.38751220703125,40.71,5285.0,0.0,0.0
260.48797035217285,40.71,5285.0,27.0,1.0
260.58842849731445,40.71,5285.0,27.0,1.0
260.68888664245605,40.71,5285.0,37.0,2.0
260.78934478759766,40.71,5285.0,37.0,2.0
260.88980293273926,40.71,5285.0,37.0,2.0
260.99026107788086,40.71,5285.0,37.0,2.0
261.09071922302246,40.71,5285.0,37.0,2.0
261.19117736816406,40.71,5285.0,37.0,2.0
261.29163551330566,40.71,5285.0,37.0,2.0
261.39209365844727,40.71,5285.0,37.0,2.0
261.49255180358887,40.71,5285.0,37.0,2.0
261.59300994873047,43.63,25.0,37.0,2.0
261.69346809387207,39.84,22.0,0.0,0.0
261.7939262390137,39.94,22.0,0.0,0.0
261.8943843841553,39.94,22.0,0.0,0.0
261.9948425292969,39.94,22.0,0.0,0.0
262.0953006744385,39.94,22.0,0.0,0.0
262.1957588195801,39.84,22.0,0.0,0.0
262.2962169647217,39.94,22.0,0.0,0.0
262.3966751098633,39.94,22.0,0.0,0.0
262.4971332550049,39.84,22.0,0.0,0.0
262.5975914001465,39.94,22.0,0.0,0.0
262.6980495452881,39.84,22.0,0.0,0.0
262.7985076904297,39.84,22.0,0.0,0.0
262.8989658355713,39.94,22.0,0.0,0.0
262.9994239807129,39.94,22.0,0.0,0.0
263.0998821258545,39.94,46.0,0.0,0.0
263.2003402709961,40.71,5285.0,0.0,0.0
263.3007984161377,40.71,5285.0,27.0,1.0
263.4012565612793,40.71,5285.0,27.0,1.0
263.5017147064209,40.71,5285.0,37.0,2.0
263.6021728515625,40.71,5285.0,37.0,2.0
263.7026309967041,40.71,5285.0,37.0,2.0
263.8030891418457,40.71,5285.0,37.0,2.0
263.9035472869873,40.71,5285.0,37.0,2.0
264.0040054321289,40.71,5285.0,37.0,2.0
264.1044635772705,40.71,5285.0,37.0,2.0
264.2049217224121,40.71,5285.0,37.0,2.0
264.3053798675537,40.71,5285.0,37.0,2.0
264.4058380126953,43.63,25.0,37.0,2.0
264.5062961578369,39.84,22.0,0.0,0.0
264.6067543029785,39.94,22.0,0.0,0.0
264.7072124481201,39.94,22.0,0.0,0.0
264.8076705932617,39.94,22.0,0.0,0.0
264.9081287384033,39.94,22.0,0.0,0.0
265.0085868835449,39.84,22.0,0.0,0.0
265.1090450286865,39.94,22.0,0.0,0.0
265.2095031738281,39.94,22.0,0.0,0.0
265.3099613189697,39.84,22.0,0.0,0.0
265.4104194641113,39.94,22.0,0.0,0.0
265.51087760925293,39.84,22.0,0.0,0.0
265.61133575439453,39.84,22.0,0.0,0.0
265.71179389953613,39.94,22.0,0.0,0.0
265.81225204467773,39.94,22.0,0.0,0.0
265.91271018981934,39.94,46.0,0.0,0.0
266.01316833496094,40.71,5285.0,0.0,0.0
266.11362648010254,40.71,5285.0,27.0,1.0
266.21408462524414,40.71,5285.0,27.0,1.0
266.31454277038574,40.71,5285.0,37.0,2.0
266.41500091552734,40.71,5285.0,37.0,2.0
266.51545906066895,40.71,5285.0,37.0,2.0
266.61591720581055,40.71,5285.0,37.0,2.0
266.71637535095215,40.71,5285.0,37.0,2.0
266.81683349609375,40.71,5285.0,37.0,2.0
266.91729164123535,40.71,5285.0,37.0,2.0
267.01774978637695,40.71,5285.0,37.0,2.0
267.11820793151855,40.71,5285.0,37.0,2.0
267.21866607666016,43.63,25.0,37.0,2.0
267.31912422180176,39.84,22.0,0.0,0.0
267.41958236694336,39.94,22.0,0.0,0.0
267.52004051208496,39.94,22.0,0.0,0.0
267.62049865722656,39.94,22.0,0.0,0.0
267.72095680236816,39.94,22.0,0.0,0.0
267.82141494750977,39.84,22.0,0.0,0.0
267.92187309265137,39.94,22.0,0.0,0.0
268.02233123779297,39.94,22.0,0.0,0.0
268.12278938293457,39.84,22.0,0.0,0.0
268.2232475280762,39.94,22.0,0.0,0.0
268.3237056732178,39.84,22.0,0.0,0.0
268.4241638183594,39.84,22.0,0.0,0.0
268.524621963501,39.94,22.0,0.0,0.0
268.6250801086426,39.94,22.0,0.0,0.0
268.7255382537842,39.94,46.0,0.0,0.0
268.8259963989258,40.71,5285.0,0.0,0.0
268.9264545440674,40.71,5285.0,27.0,1.0
269.026912689209,40.71,5285.0,27.0,1.0
269.1273708343506,40.71,5285.0,37.0,2.0
269.2278289794922,40.71,5285.0,37.0,2.0
269.3282871246338,40.71,5285.0,37.0,2.0
269.4287452697754,40.71,5285.0,37.0,2.0
269.529203414917,40.71,5285.0,37.0,2.0
269.6296615600586,40.71,5285.0,37.0,2.0
269.7301197052002,40.71,5285.0,37.0,2.0
269.8305778503418,40.71,5285.0,37.0,2.0
269.9310359954834,40.71,5285.0,37.0,2.0
270.031494140625,43.63,25.0,37.0,2.0
270.1319522857666,39.84,22.0,0.0,0.0
270.2324104309082,39.94,22.0,0.0,0.0
270.3328685760498,39.94,22.0,0.0,0.0
270.4333267211914,39.94,22.0,0.0,0.0
270.533784866333,39.94,22.0,0.0,0.0
270.6342430114746,39.84,22.0,0.0,0.0
270.7347011566162,39.94,22.0,0.0,0.0
270.8351593017578,39.94,22.0,0.0,0.0
270.9356174468994,39.84,22.0,0.0,0.0
271.036075592041,39.94,22.0,0.0,0.0
271.1365337371826,39.84,22.0,0.0,0.0
271.2369918823242,39.84,22.0,0.0,0.0
271.3374500274658,39.94,22.0,0.0,0.0
271.4379081726074,39.94,22.0,0.0,0.0
271.538366317749,39.94,46.0,0.0,0.0
271.6388244628906,40.71,5285.0,0.0,0.0
271.7392826080322,40.71,5285.0,27.0,1.0
271.8397407531738,40.71,5285.0,27.0,1.0
271.94019889831543,40.71,5285.0,37.0,2.0
272.04065704345703,40.71,5285.0,37.0,2.0
272.14111518859863,40.71,5285.0,37.0,2.0
272.24157333374023,40.71,5285.0,37.0,2.0
272.34203147888184,40.71,5285.0,37.0,2.0
272.44248962402344,40.71,5285.0,37.0,2.0
272.54294776916504,40.71,5285.0,37.0,2.0
272.64340591430664,40.71,5285.0,37.0,2.0
272.74386405944824,40.71,5285.0,37.0,2.0
272.84432220458984,43.63,25.0,37.0,2.0
272.94478034973145,39.84,22.0,0.0,0.0
273.04523849487305,39.94,22.0,0.0,0.0
273.14569664001465,39.94,22.0,0.0,0.0
273.24615478515625,39.94,22.0,0.0,0.0
273.34661293029785,39.94,22.0,0.0,0.0
273.44707107543945,39.84,22.0,0.0,0.0
273.54752922058105,39.94,22.0,0.0,0.0
273.64798736572266,39.94,22.0,0.0,0.0
273.74844551086426,39.84,22.0,0.0,0.0
273.84890365600586,39.94,22.0,0.0,0.0
273.94936180114746,39.84,22.0,0.0,0.0
274.04981994628906,39.84,22.0,0.0,0.0
274.15027809143066,39.94,22.0,0.0,0.0
274.25073623657227,39.94,22.0,0.0,0.0
274.35119438171387,39.94,46.0,0.0,0.0
274.45165252685547,40.71,5285.0,0.0,0.0
274.55211067199707,40.71,5285.0,27.0,1.0
274.6525688171387,40.71,5285.0,27.0,1.0
274.7530269622803,40.71,5285.0,37.0,2.0
274.8534851074219,40.71,5285.0,37.0,2.0
274.9539432525635,40.71,5285.0,37.0,2.0
275.0544013977051,40.71,5285.0,37.0,2.0
275.1548595428467,40.71,5285.0,37.0,2.0
275.2553176879883,40.71,5285.0,37.0,2.0
275.3557758331299,40.71,5285.0,37.0,2.0
275.4562339782715,40.71,5285.0,37.0,2.0
275.5566921234131,40.71,5285.0,37.0,2.0
275.6571502685547,43.63,25.0,37.0,2.0
275.7576084136963,39.84,22.0,0.0,0.0
275.8580665588379,39.94,22.0,0.0,0.0
275.9585247039795,39.94,22.0,0.0,0.0
276.0589828491211,39.94,22.0,0.0,0.0
276.1594409942627,39.94,22.0,0.0,0.0
276.2598991394043,39.84,22.0,0.0,0.0
276.3603572845459,39.94,22.0,0.0,0.0
276.4608154296875,39.94,22.0,0.0,0.0
276.5612735748291,39.84,22.0,0.0,0.0
276.6617317199707,39.94,22.0,0.0,0.0
276.7621898651123,39.84,22.0,0.0,0.0
276.8626480102539,39.84,22.0,0.0,0.0
276.9631061553955,39.94,22.0,0.0,0.0
277.0635643005371,39.94,22.0,0.0,0.0
277.1640224456787,39.94,46.0,0.0,0.0
277.2644805908203,40.71,5285.0,0.0,0.0
277.3649387359619,40.71,5285.0,27.0,1.0
277.4653968811035,40.71,5285.0,27.0,1.0
277.5658550262451,40.71,5285.0,37.0,2.0
277.6663131713867,40.71,5285.0,37.0,2.0
277.7667713165283,40.71,5285.0,37.0,2.0
277.8672294616699,40.71,5285.0,37.0,2.0
277.9676876068115,40.71,5285.0,37.0,2.0
278.0681457519531,40.71,5285.0,37.0,2.0
278.1686038970947,40.71,5285.0,37.0,2.0
278.2690620422363,40.71,5285.0,37.0,2.0
278.36952018737793,40.71,5285.0,37.0,2.0
278.46997833251953,43.63,25.0,37.0,2.0
278.57043647766113,39.84,22.0,0.0,0.0
278.67089462280273,39.94,22.0,0.0,0.0
278.77135276794434,39.94,22.0,0.0,0.0
278.87181091308594,39.94,22.0,0.0,0.0
278.97226905822754,39.94,22.0,0.0,0.0
279.07272720336914,39.84,22.0,0.0,0.0
279.17318534851074,39.94,22.0,0.0,0.0
279.27364349365234,39.94,22.0,0.0,0.0
279.37410163879395,39.84,22.0,0.0,0.0
279.47455978393555,39.94,22.0,0.0,0.0
279.57501792907715,39.84,22.0,0.0,0.0
279.67547607421875,39.84,22.0,0.0,0.0
279.77593421936035,39.94,22.0,0.0,0.0
279.87639236450195,39.94,22.0,0.0,0.0
279.97685050964355,39.94,46.0,0.0,0.0
280.07730865478516,40.71,5285.0,0.0,0.0
280.17776679992676,40.71,5285.0,27.0,1.0
280.27822494506836,40.71,5285.0,27.0,1.0
280.37868309020996,40.71,5285.0,37.0,2.0
280.47914123535156,40.71,5285.0,37.0,2.0
280.57959938049316,40.71,5285.0,37.0,2.0
280.68005752563477,40.71,5285.0,37.0,2.0
280.78051567077637,40.71,5285.0,37.0,2.0
280.88097381591797,40.71,5285.0,37.0,2.0
280.98143196105957,40.71,5285.0,37.0,2.0
281.0818901062012,40.71,5285.0,37.0,2.0
281.1823482513428,40.71,5285.0,37.0,2.0
281.2828063964844,43.63,25.0,37.0,2.0
281.383264541626,39.84,22.0,0.0,0.0
281.4837226867676,39.94,22.0,0.0,0.0
281.5841808319092,39.94,22.0,0.0,0.0
281.6846389770508,39.94,22.0,0.0,0.0
281.7850971221924,39.94,22.0,0.0,0.0
281.885555267334,39.84,22.0,0.0,0.0
281.9860134124756,39.94,22.0,0.0,0.0
282.0864715576172,39.94,22.0,0.0,0.0
282.1869297027588,39.84,22.0,0.0,0.0
282.2873878479004,39.94,22.0,0.0,0.0
282.387845993042,39.84,22.0,0.0,0.0
282.4883041381836,39.84,22.0,0.0,0.0
282.5887622833252,39.94,22.0,0.0,0.0
282.6892204284668,39.94,22.0,0.0,0.0
282.7896785736084,39.94,46.0,0.0,0.0
282.89013671875,40.71,5285.0,0.0,0.0
282.9905948638916,40.71,5285.0,27.0,1.0
283.0910530090332,40.71,5285.0,27.0,1.0
283.1915111541748,40.71,5285.0,37.0,2.0
283.2919692993164,40.71,5285.0,37.0,2.0
283.392427444458,40.71,5285.0,37.0,2.0
283.4928855895996,40.71,5285.0,37.0,2.0
283.5933437347412,40.71,5285.0,37.0,2.0
283.6938018798828,40.71,5285.0,37.0,2.0
283.7942600250244,40.71,5285.0,37.0,2.0
283.894718170166,40.71,5285.0,37.0,2.0
283.9951763153076,40.71,5285.0,37.0,2.0
284.0956344604492,43.63,25.0,37.0,2.0
284.1960926055908,39.84,22.0,0.0,0.0
284.2965507507324,39.94,22.0,0.0,0.0
284.397008895874,39.94,22.0,0.0,0.0
284.4974670410156,39.94,22.0,0.0,0.0
284.5979251861572,39.94,22.0,0.0,0.0
284.6983833312988,39.84,22.0,0.0,0.0
284.79884147644043,39.94,22.0,0.0,0.0
284.89929962158203,39.94,22.0,0.0,0.0
284.99975776672363,39.84,22.0,0.0,0.0
285.10021591186523,39.94,22.0,0.0,0.0
285.20067405700684,39.84,22.0,0.0,0.0
285.30113220214844,39.84,22.0,0.0,0.0
285.40159034729004,39.94,22.0,0.0,0.0
285.50204849243164,39.94,22.0,0.0,0.0
285.60250663757324,39.94,46.0,0.0,0.0
285.70296478271484,40.71,5285.0,0.0,0.0
285.80342292785645,40.71,5285.0,27.0,1.0
285.90388107299805,40.71,5285.0,27.0,1.0
286.00433921813965,40.71,5285.0,37.0,2.0
286.10479736328125,40.71,5285.0,37.0,2.0
286.20525550842285,40.71,5285.0,37.0,2.0
286.30571365356445,40.71,5285.0,37.0,2.0
286.40617179870605,40.71,5285.0,37.0,2.0
286.50662994384766,40.71,5285.0,37.0,2.0
286.60708808898926,40.71,5285.0,37.0,2.0
286.70754623413086,40.71,5285.0,37.0,2.0
286.80800437927246,40.71,5285.0,37.0,2.0
286.90846252441406,43.63,25.0,37.0,2.0
287.00892066955566,39.84,22.0,0.0,0.0
287.10937881469727,39.94,22.0,0.0,0.0
287.20983695983887,39.94,22.0,0.0,0.0
287.31029510498047,39.94,22.0,0.0,0.0
287.41075325012207,39.94,22.0,0.0,0.0
287.5112113952637,39.84,22.0,0.0,0.0
287.6116695404053,39.94,22.0,0.0,0.0
287.7121276855469,39.94,22.0,0.0,0.0
287.8125858306885,39.84,22.0,0.0,0.0
287.9130439758301,39.94,22.0,0.0,0.0
288.0135021209717,39.84,22.0,0.0,0.0
288.1139602661133,39.84,22.0,0.0,0.0
288.2144184112549,39.94,22.0,0.0,0.0
288.3148765563965,39.94,22.0,0.0,0.0
288.4153347015381,39.94,46.0,0.0,0.0
288.5157928466797,40.71,5285.0,0.0,0.0
288.6162509918213,40.71,5285.0,27.0,1.0
288.7167091369629,40.71,5285.0,27.0,1.0
288.8171672821045,40.71,5285.0,37.0,2.0
288.9176254272461,40.71,5285.0,37.0,2.0
289.0180835723877,40.71,5285.0,37.0,2.0
289.1185417175293,40.71,5285.0,37.0,2.0
289.2189998626709,40.71,5285.0,37.0,2.0
289.3194580078125,40.71,5285.0,37.0,2.0
289.4199161529541,40.71,5285.0,37.0,2.0
289.5203742980957,40.71,5285.0,37.0,2.0
289.6208324432373,40.71,5285.0,37.0,2.0
289.7212905883789,43.63,25.0,37.0,2.0
289.8217487335205,39.84,22.0,0.0,0.0
289.9222068786621,39.94,22.0,0.0,0.0
290.0226650238037,39.94,22.0,0.0,0.0
290.1231231689453,39.94,22.0,0.0,0.0
290.2235813140869,39.94,22.0,0.0,0.0
290.3240394592285,39.84,22.0,0.0,0.0
290.4244976043701,39.94,22.0,0.0,0.0
290.5249557495117,39.94,22.0,0.0,0.0
290.6254138946533,39.84,22.0,0.0,0.0
290.7258720397949,39.94,22.0,0.0,0.0
290.8263301849365,39.84,22.0,0.0,0.0
290.9267883300781,39.84,22.0,0.0,0.0
291.0272464752197,39.94,22.0,0.0,0.0
291.1277046203613,39.94,22.0,0.0,0.0
291.22816276550293,39.94,46.0,0.0,0.0
291.32862091064453,40.71,5285.0,0.0,0.0
291.42907905578613,40.71,5285.0,27.0,1.0
291.52953720092773,40.71,5285.0,27.0,1.0
291.62999534606934,40.71,5285.0,37.0,2.0
291.73045349121094,40.71,5285.0,37.0,2.0
291.83091163635254,40.71,5285.0,37.0,2.0
291.93136978149414,40.71,5285.0,37.0,2.0
292.03182792663574,40.71,5285.0,37.0,2.0
292.13228607177734,40.71,5285.0,37.0,2.0
292.23274421691895,40.71,5285.0,37.0,2.0
292.33320236206055,40.71,5285.0,37.0,2.0
292.43366050720215,40.71,5285.0,37.0,2.0
292.53411865234375,43.63,25.0,37.0,2.0
292.63457679748535,39.84,22.0,0.0,0.0
292.73503494262695,39.94,22.0,0.0,0.0
292.83549308776855,39.94,22.0,0.0,0.0
292.93595123291016,39.94,22.0,0.0,0.0
293.03640937805176,39.94,22.0,0.0,0.0
293.13686752319336,39.84,22.0,0.0,0.0
293.23732566833496,39.94,22.0,0.0,0.0
293.33778381347656,39.94,22.0,0.0,0.0
293.43824195861816,39.84,22.0,0.0,0.0
293.53870010375977,39.94,22.0,0.0,0.0
293.63915824890137,39.84,22.0,0.0,0.0
293.73961639404297,39.84,22.0,0.0,0.0
293.84007453918457,39.94,22.0,0.0,0.0
293.9405326843262,39.94,22.0,0.0,0.0
294.0409908294678,39.94,46.0,0.0,0.0
294.1414489746094,40.71,5285.0,0.0,0.0
294.241907119751,40.71,5285.0,27.0,1.0
294.3423652648926,40.71,5285.0,27.0,1.0
294.4428234100342,40.71,5285.0,37.0,2.0
294.5432815551758,40.71,5285.0,37.0,2.0
294.6437397003174,40.71,5285.0,37.0,2.0
294.744197845459,40.71,5285.0,37.0,2.0
294.8446559906006,40.71,5285.0,37.0,2.0
294.9451141357422,40.71,5285.0,37.0,2.0
295.0455722808838,40.71,5285.0,37.0,2.0
295.1460304260254,40.71,5285.0,37.0,2.0
295.246488571167,40.71,5285.0,37.0,2.0
295.3469467163086,43.63,25.0,37.0,2.0
295.4474048614502,39.84,22.0,0.0,0.0
295.5478630065918,39.94,22.0,0.0,0.0
295.6483211517334,39.94,22.0,0.0,0.0
295.748779296875,39.94,22.0,0.0,0.0
295.8492374420166,39.94,22.0,0.0,0.0
295.9496955871582,39.84,22.0,0.0,0.0
296.0501537322998,39.94,22.0,0.0,0.0
296.1506118774414,39.94,22.0,0.0,0.0
296.251070022583,39.84,22.0,0.0,0.0
296.3515281677246,39.94,22.0,0.0,0.0
296.4519863128662,39.84,22.0,0.0,0.0
296.5524444580078,39.84,22.0,0.0,0.0
296.6529026031494,39.94,22.0,0.0,0.0
296.753360748291,39.94,22.0,0.0,0.0
296.8538188934326,39.94,46.0,0.0,0.0
296.9542770385742,40.71,5285.0,0.0,0.0
297.0547351837158,40.71,5285.0,27.0,1.0
297.1551933288574,40.71,5285.0,27.0,1.0
297.255651473999,40.71,5285.0,37.0,2.0
297.3561096191406,40.71,5285.0,37.0,2.0
297.4565677642822,40.71,5285.0,37.0,2.0
297.5570259094238,40.71,5285.0,37.0,2.0
297.65748405456543,40.71,5285.0,37.0,2.0
297.75794219970703,40.71,5285.0,37.0,2.0
297.85840034484863,40.71,5285.0,37.0,2.0
297.95885848999023,40.71,5285.0,37.0,2.0
298.05931663513184,40.71,5285.0,37.0,2.0
298.15977478027344,43.63,25.0,37.0,2.0
298.26023292541504,39.84,22.0,0.0,0.0
298.36069107055664,39.94,22.0,0.0,0.0
298.46114921569824,39.94,22.0,0.0,0.0
298.56160736083984,39.94,22.0,0.0,0.0
298.66206550598145,39.94,22.0,0.0,0.0
298.76252365112305,39.84,22.0,0.0,0.0
298.86298179626465,39.94,22.0,0.0,0.0
298.96343994140625,39.94,22.0,0.0,0.0
299.06389808654785,39.84,22.0,0.0,0.0
299.16435623168945,39.94,22.0,0.0,0.0
299.26481437683105,39.84,22.0,0.0,0.0
299.36527252197266,39.84,22.0,0.0,0.0
299.46573066711426,39.94,22.0,0.0,0.0
299.56618881225586,39.94,22.0,0.0,0.0
299.66664695739746,39.94,46.0,0.0,0.0
299.76710510253906,40.71,5285.0,0.0,0.0
299.86756324768066,40.71,5285.0,27.0,1.0
299.96802139282227,40.71,5285.0,27.0,1.0
300.06847953796387,40.71,5285.0,37.0,2.0
300.16893768310547,40.71,5285.0,37.0,2.0
300.26939582824707,40.71,5285.0,37.0,2.0
300.3698539733887,40.71,5285.0,37.0,2.0
300.4703121185303,40.71,5285.0,37.0,2.0
300.5707702636719,40.71,5285.0,37.0,2.0
300.6712284088135,40.71,5285.0,37.0,2.0
300.7716865539551,40.71,5285.0,37.0,2.0
300.8721446990967,40.71,5285.0,37.0,2.0
300.9726028442383,43.63,25.0,37.0,2.0
301.0730609893799,39.84,22.0,0.0,0.0
301.1735191345215,39.94,22.0,0.0,0.0
301.2739772796631,39.94,22.0,0.0,0.0
301.3744354248047,39.94,22.0,0.0,0.0
301.4748935699463,39.94,22.0,0.0,0.0
301.5753517150879,39.84,22.0,0.0,0.0
301.6758098602295,39.94,22.0,0.0,0.0
301.7762680053711,39.94,22.0,0.0,0.0
301.8767261505127,39.84,22.0,0.0,0.0
301.9771842956543,39.94,22.0,0.0,0.0
302.0776424407959,39.84,22.0,0.0,0.0
302.1781005859375,39.84,22.0,0.0,0.0
302.2785587310791,39.94,22.0,0.0,0.0
302.3790168762207,39.94,22.0,0.0,0.0
302.4794750213623,39.94,46.0,0.0,0.0
302.5799331665039,40.71,5285.0,0.0,0.0
302.6803913116455,40.71,5285.0,27.0,1.0
302.7808494567871,40.71,5285.0,27.0,1.0
302.8813076019287,40.71,5285.0,37.0,2.0
302.9817657470703,40.71,5285.0,37.0,2.0
303.0822238922119,40.71,5285.0,37.0,2.0
303.1826820373535,40.71,5285.0,37.0,2.0
303.2831401824951,40.71,5285.0,37.0,2.0
303.3835983276367,40.71,5285.0,37.0,2.0
303.4840564727783,40.71,5285.0,37.0,2.0
303.5845146179199,40.71,5285.0,37.0,2.0
303.6849727630615,40.71,5285.0,37.0,2.0
303.7854309082031,43.63,25.0,37.0,2.0
303.8858890533447,39.84,22.0,0.0,0.0
303.9863471984863,39.94,22.0,0.0,0.0
304.08680534362793,39.94,22.0,0.0,0.0
304.18726348876953,39.94,22.0,0.0,0.0
304.28772163391113,39.94,22.0,0.0,0.0
304.38817977905273,39.84,22.0,0.0,0.0
304.48863792419434,39.94,22.0,0.0,0.0
304.58909606933594,39.94,22.0,0.0,0.0
304.68955421447754,39.84,22.0,0.0,0.0
304.79001235961914,39.94,22.0,0.0,0.0
304.89047050476074,39.84,22.0,0.0,0.0
304.99092864990234,39.84,22.0,0.0,0.0
305.09138679504395,39.94,22.0,0.0,0.0
305.19184494018555,39.94,22.0,0.0,0.0
305.29230308532715,39.94,46.0,0.0,0.0
305.39276123046875,40.71,5285.0,0.0,0.0
305.49321937561035,40.71,5285.0,27.0,1.0
305.59367752075195,40.71,5285.0,27.0,1.0
305.69413566589355,40.71,5285.0,37.0,2.0
305.79459381103516,40.71,5285.0,37.0,2.0
305.89505195617676,40.71,5285.0,37.0,2.0
305.99551010131836,40.71,5285.0,37.0,2.0
306.09596824645996,40.71,5285.0,37.0,2.0
306.19642639160156,40.71,5285.0,37.0,2.0
306.29688453674316,40.71,5285.0,37.0,2.0
306.39734268188477,40.71,5285.0,37.0,2.0
306.49780082702637,40.71,5285.0,37.0,2.0
306.59825897216797,43.63,25.0,37.0,2.0
306.69871711730957,39.84,22.0,0.0,0.0
306.7991752624512,39.94,22.0,0.0,0.0
306.8996334075928,39.94,22.0,0.0,0.0
307.0000915527344,39.94,22.0,0.0,0.0
307.100549697876,39.94,22.0,0.0,0.0
307.2010078430176,39.84,22.0,0.0,0.0
307.3014659881592,39.94,22.0,0.0,0.0
307.4019241333008,39.94,22.0,0.0,0.0
307.5023822784424,39.84,22.0,0.0,0.0
307.602840423584,39.94,22.0,0.0,0.0
307.7032985687256,39.84,22.0,0.0,0.0
307.8037567138672,39.84,22.0,0.0,0.0
307.9042148590088,39.94,22.0,0.0,0.0
308.0046730041504,39.94,22.0,0.0,0.0
308.105131149292,39.94,46.0,0.0,0.0
308.2055892944336,40.71,5285.0,0.0,0.0
308.3060474395752,40.71,5285.0,27.0,1.0
308.4065055847168,40.71,5285.0,27.0,1.0
308.5069637298584,40.71,5285.0,37.0,2.0
308.607421875,40.71,5285.0,37.0,2.0
308.7078800201416,40.71,5285.0,37.0,2.0
308.8083381652832,40.71,5285.0,37.0,2.0
308.9087963104248,40.71,5285.0,37.0,2.0
309.0092544555664,40.71,5285.0,37.0,2.0
309.109712600708,40.71,5285.0,37.0,2.0
309.2101707458496,40.71,5285.0,37.0,2.0
309.3106288909912,40.71,5285.0,37.0,2.0
309.4110870361328,43.63,25.0,37.0,2.0
309.5115451812744,39.84,22.0,0.0,0.0
309.612003326416,39.94,22.0,0.0,0.0
309.7124614715576,39.94,22.0,0.0,0.0
309.8129196166992,39.94,22.0,0.0,0.0
309.9133777618408,39.94,22.0,0.0,0.0
310.0138359069824,39.84,22.0,0.0,0.0
310.114294052124,39.94,22.0,0.0,0.0
310.2147521972656,39.94,22.0,0.0,0.0
310.3152103424072,39.84,22.0,0.0,0.0
310.4156684875488,39.94,22.0,0.0,0.0
310.51612663269043,39.84,22.0,0.0,0.0
310.61658477783203,39.84,22.0,0.0,0.0
310.71704292297363,39.94,22.0,0.0,0.0
310.81750106811523,39.94,22.0,0.0,0.0
310.91795921325684,39.94,46.0,0.0,0.0
311.01841735839844,40.71,5285.0,0.0,0.0
311.11887550354004,40.71,5285.0,27.0,1.0
311.21933364868164,40.71,5285.0,27.0,1.0
311.31979179382324,40.71,5285.0,37.0,2.0
311.42024993896484,40.71,5285.0,37.0,2.0
311.52070808410645,40.71,5285.0,37.0,2.0
311.62116622924805,40.71,5285.0,37.0,2.0
311.72162437438965,40.71,5285.0,37.0,2.0
311.82208251953125,40.71,5285.0,37.0,2.0
311.92254066467285,40.71,5285.0,37.0,2.0
312.02299880981445,40.71,5285.0,37.0,2.0
312.12345695495605,40.71,5285.0,37.0,2.0
312.22391510009766,43.63,25.0,37.0,2.0
312.32437324523926,39.84,22.0,0.0,0.0
312.42483139038086,39.94,22.0,0.0,0.0
312.52528953552246,39.94,22.0,0.0,0.0
312.62574768066406,39.94,22.0,0.0,0.0
312.72620582580566,39.94,22.0,0.0,0.0
312.82666397094727,39.84,22.0,0.0,0.0
312.92712211608887,39.94,22.0,0.0,0.0
313.02758026123047,39.94,22.0,0.0,0.0
313.12803840637207,39.84,22.0,0.0,0.0
313.2284965515137,39.94,22.0,0.0,0.0
313.3289546966553,39.84,22.0,0.0,0.0
313.4294128417969,39.84,22.0,0.0,0.0
313.5298709869385,39.94,22.0,0.0,0.0
313.6303291320801,39.94,22.0,0.0,0.0
313.7307872772217,39.94,46.0,0.0,0.0
313.8312454223633,40.71,5285.0,0.0,0.0
313.9317035675049,40.71,5285.0,27.0,1.0
314.0321617126465,40.71,5285.0,27.0,1.0
314.1326198577881,40.71,5285.0,37.0,2.0
314.2330780029297,40.71,5285.0,37.0,2.0
314.3335361480713,40.71,5285.0,37.0,2.0
314.4339942932129,40.71,5285.0,37.0,2.0
314.5344524383545,40.71,5285.0,37.0,2.0
314.6349105834961,40.71,5285.0,37.0,2.0
314.7353687286377,40.71,5285.0,37.0,2.0
314.8358268737793,40.71,5285.0,37.0,2.0
314.9362850189209,40.71,5285.0,37.0,2.0
315.0367431640625,43.63,25.0,37.0,2.0
315.1372013092041,39.84,22.0,0.0,0.0
315.2376594543457,39.94,22.0,0.0,0.0
315.3381175994873,39.94,22.0,0.0,0.0
315.4385757446289,39.94,22.0,0.0,0.0
315.5390338897705,39.94,22.0,0.0,0.0
315.6394920349121,39.84,22.0,0.0,0.0
315.7399501800537,39.94,22.0,0.0,0.0
315.8404083251953,39.94,22.0,0.0,0.0
315.9408664703369,39.84,22.0,0.0,0.0
316.0413246154785,39.94,22.0,0.0,0.0
316.1417827606201,39.84,22.0,0.0,0.0
316.2422409057617,39.84,22.0,0.0,0.0
316.3426990509033,39.94,22.0,0.0,0.0
316.4431571960449,39.94,22.0,0.0,0.0
316.5436153411865,39.94,46.0,0.0,0.0
316.6440734863281,40.71,5285.0,0.0,0.0
316.7445316314697,40.71,5285.0,27.0,1.0
316.8449897766113,40.71,5285.0,27.0,1.0
316.94544792175293,40.71,5285.0,37.0,2.0
317.04590606689453,40.71,5285.0,37.0,2.0
317.14636421203613,40.71,5285.0,37.0,2.0
317.24682235717773,40.71,5285.0,37.0,2.0
317.34728050231934,40.71,5285.0,37.0,2.0
317.44773864746094,40.71,5285.0,37.0,2.0
317.54819679260254,40.71,5285.0,37.0,2.0
317.64865493774414,40.71,5285.0,37.0,2.0
317.74911308288574,40.71,5285.0,37.0,2.0
317.84957122802734,43.63,25.0,37.0,2.0
317.95002937316895,39.84,22.0,0.0,0.0
318.05048751831055,39.94,22.0,0.0,0.0
318.15094566345215,39.94,22.0,0.0,0.0
318.25140380859375,39.94,22.0,0.0,0.0
318.35186195373535,39.94,22.0,0.0,0.0
318.45232009887695,39.84,22.0,0.0,0.0
318.55277824401855,39.94,22.0,0.0,0.0
318.65323638916016,39.94,22.0,0.0,0.0
318.75369453430176,39.84,22.0,0.0,0.0
318.85415267944336,39.94,22.0,0.0,0.0
318.95461082458496,39.84,22.0,0.0,0.0
319.05506896972656,39.84,22.0,0.0,0.0
319.15552711486816,39.94,22.0,0.0,0.0
319.25598526000977,39.94,22.0,0.0,0.0
319.35644340515137,39.94,46.0,0.0,0.0
319.45690155029297,40.71,5285.0,0.0,0.0
319.55735969543457,40.71,5285.0,27.0,1.0
319.6578178405762,40.71,5285.0,27.0,1.0
319.7582759857178,40.71,5285.0,37.0,2.0
319.8587341308594,40.71,5285.0,37.0,2.0
319.959192276001,40.71,5285.0,37.0,2.0
320.0596504211426,40.71,5285.0,37.0,2.0
320.1601085662842,40.71,5285.0,37.0,2.0
320.2605667114258,40.71,5285.0,37.0,2.0
320.3610248565674,40.71,5285.0,37.0,2.0
320.461483001709,40.71,5285.0,37.0,2.0
320.5619411468506,40.71,5285.0,37.0,2.0
320.6623992919922,43.63,25.0,37.0,2.0
320.7628574371338,39.84,22.0,0.0,0.0
320.8633155822754,39.94,22.0,0.0,0.0
320.963773727417,39.94,22.0,0.0,0.0
321.0642318725586,39.94,22.0,0.0,0.0
321.1646900177002,39.94,22.0,0.0,0.0
321.2651481628418,39.84,22.0,0.0,0.0
321.3656063079834,39.94,22.0,0.0,0.0
321.466064453125,39.94,22.0,0.0,0.0
321.5665225982666,39.84,22.0,0.0,0.0
321.6669807434082,39.94,22.0,0.0,0.0
321.7674388885498,39.84,22.0,0.0,0.0
321.8678970336914,39.84,22.0,0.0,0.0
321.968355178833,39.94,22.0,0.0,0.0
322.0688133239746,39.94,22.0,0.0,0.0
322.1692714691162,39.94,46.0,0.0,0.0
322.2697296142578,40.71,5285.0,0.0,0.0
322.3701877593994,40.71,5285.0,27.0,1.0
322.470645904541,40.71,5285.0,27.0,1.0
322.5711040496826,40.71,5285.0,37.0,2.0
322.6715621948242,40.71,5285.0,37.0,2.0
322.7720203399658,40.71,5285.0,37.0,2.0
322.8724784851074,40.71,5285.0,37.0,2.0
322.972936630249,40.71,5285.0,37.0,2.0
323.0733947753906,40.71,5285.0,37.0,2.0
323.1738529205322,40.71,5285.0,37.0,2.0
323.2743110656738,40.71,5285.0,37.0,2.0
323.37476921081543,40.71,5285.0,37.0,2.0
323.47522735595703,43.63,25.0,37.0,2.0
323.57568550109863,39.84,22.0,0.0,0.0
323.67614364624023,39.94,22.0,0.0,0.0
323.77660179138184,39.94,22.0,0.0,0.0
323.87705993652344,39.94,22.0,0.0,0.0
323.97751808166504,39.94,22.0,0.0,0.0
324.07797622680664,39.84,22.0,0.0,0.0
324.17843437194824,39.94,22.0,0.0,0.0
324.27889251708984,39.94,22.0,0.0,0.0
324.37935066223145,39.84,22.0,0.0,0.0
324.47980880737305,39.94,22.0,0.0,0.0
324.58026695251465,39.84,22.0,0.0,0.0
324.68072509765625,39.84,22.0,0.0,0.0
324.78118324279785,39.94,22.0,0.0,0.0
324.88164138793945,39.94,22.0,0.0,0.0
324.98209953308105,39.94,46.0,0.0,0.0
325.08255767822266,40.71,5285.0,0.0,0.0
325.18301582336426,40.71,5285.0,27.0,1.0
325.28347396850586,40.71,5285.0,27.0,1.0
325.38393211364746,40.71,5285.0,37.0,2.0
325.48439025878906,40.71,5285.0,37.0,2.0
325.58484840393066,40.71,5285.0,37.0,2.0
325.68530654907227,40.71,5285.0,37.0,2.0
325.78576469421387,40.71,5285.0,37.0,2.0
325.88622283935547,40.71,5285.0,37.0,2.0
325.98668098449707,40.71,5285.0,37.0,2.0
326.0871391296387,40.71,5285.0,37.0,2.0
326.1875972747803,40.71,5285.0,37.0,2.0
326.2880554199219,43.63,25.0,37.0,2.0
326.3885135650635,39.84,22.0,0.0,0.0
326.4889717102051,39.94,22.0,0.0,0.0
326.5894298553467,39.94,22.0,0.0,0.0
326.6898880004883,39.94,22.0,0.0,0.0
326.7903461456299,39.94,22.0,0.0,0.0
326.8908042907715,39.84,22.0,0.0,0.0
326.9912624359131,39.94,22.0,0.0,0.0
327.0917205810547,39.94,22.0,0.0,0.0
327.1921787261963,39.84,22.0,0.0,0.0
327.2926368713379,39.94,22.0,0.0,0.0
327.3930950164795,39.84,22.0,0.0,0.0
327.4935531616211,39.84,22.0,0.0,0.0
327.5940113067627,39.94,22.0,0.0,0.0
327.6944694519043,39.94,22.0,0.0,0.0
327.7949275970459,39.94,46.0,0.0,0.0
327.8953857421875,40.71,5285.0,0.0,0.0
327.9958438873291,40.71,5285.0,27.0,1.0
328.0963020324707,40.71,5285.0,27.0,1.0
328.1967601776123,40.71,5285.0,37.0,2.0
328.2972183227539,40.71,5285.0,37.0,2.0
328.3976764678955,40.71,5285.0,37.0,2.0
328.4981346130371,40.71,5285.0,37.0,2.0
328.5985927581787,40.71,5285.0,37.0,2.0
328.6990509033203,40.71,5285.0,37.0,2.0
328.7995090484619,40.71,5285.0,37.0,2.0
328.8999671936035,40.71,5285.0,37.0,2.0
329.0004253387451,40.71,5285.0,37.0,2.0
329.1008834838867,43.63,25.0,37.0,2.0
329.2013416290283,39.84,22.0,0.0,0.0
329.3017997741699,39.94,22.0,0.0,0.0
329.4022579193115,39.94,22.0,0.0,0.0
329.5027160644531,39.94,22.0,0.0,0.0
329.6031742095947,39.94,22.0,0.0,0.0
329.7036323547363,39.84,22.0,0.0,0.0
329.80409049987793,39.94,22.0,0.0,0.0
329.90454864501953,39.94,22.0,0.0,0.0
330.00500679016113,39.84,22.0,0.0,0.0
330.10546493530273,39.94,22.0,0.0,0.0
330.20592308044434,39.84,22.0,0.0,0.0
330.30638122558594,39.84,22.0,0.0,0.0
330.40683937072754,39.94,22.0,0.0,0.0
330.50729751586914,39.94,22.0,0.0,0.0
330.60775566101074,39.94,46.0,0.0,0.0
330.70821380615234,40.71,5285.0,0.0,0.0
330.80867195129395,40.71,5285.0,27.0,1.0
330.90913009643555,40.71,5285.0,27.0,1.0
331.00958824157715,40.71,5285.0,37.0,2.0
331.11004638671875,40.71,5285.0,37.0,2.0
331.21050453186035,40.71,5285.0,37.0,2.0
331.31096267700195,40.71,5285.0,37.0,2.0
331.41142082214355,40.71,5285.0,37.0,2.0
331.51187896728516,40.71,5285.0,37.0,2.0
331.61233711242676,40.71,5285.0,37.0,2.0
331.71279525756836,40.71,5285.0,37.0,2.0
331.81325340270996,40.71,5285.0,37.0,2.0
331.91371154785156,43.63,25.0,37.0,2.0
332.01416969299316,39.84,22.0,0.0,0.0
332.11462783813477,39.94,22.0,0.0,0.0
332.21508598327637,39.94,22.0,0.0,0.0
332.31554412841797,39.94,22.0,0.0,0.0
332.41600227355957,39.94,22.0,0.0,0.0
332.5164604187012,39.84,22.0,0.0,0.0
332.6169185638428,39.94,22.0,0.0,0.0
332.7173767089844,39.94,22.0,0.0,0.0
332.817834854126,39.84,22.0,0.0,0.0
332.9182929992676,39.94,22.0,0.0,0.0
333.0187511444092,39.84,22.0,0.0,0.0
333.1192092895508,39.84,22.0,0.0,0.0
333.2196674346924,39.94,22.0,0.0,0.0
333.320125579834,39.94,22.0,0.0,0.0
333.4205837249756,39.94,46.0,0.0,0.0
333.5210418701172,40.71,5285.0,0.0,0.0
333.6215000152588,40.71,5285.0,27.0,1.0
333.7219581604004,40.71,5285.0,27.0,1.0
333.822416305542,40.71,5285.0,37.0,2.0
333.9228744506836,40.71,5285.0,37.0,2.0
334.0233325958252,40.71,5285.0,37.0,2.0
334.1237907409668,40.71,5285.0,37.0,2.0
334.2242488861084,40.71,5285.0,37.0,2.0
334.32470703125,40.71,5285.0,37.0,2.0
334.4251651763916,40.71,5285.0,37.0,2.0
334.5256233215332,40.71,5285.0,37.0,2.0
334.6260814666748,40.71,5285.0,37.0,2.0
334.7265396118164,43.63,25.0,37.0,2.0
334.826997756958,39.84,22.0,0.0,0.0
334.9274559020996,39.94,22.0,0.0,0.0
335.0279140472412,39.94,22.0,0.0,0.0
335.1283721923828,39.94,22.0,0.0,0.0
335.2288303375244,39.94,22.0,0.0,0.0
335.329288482666,39.84,22.0,0.0,0.0
335.4297466278076,39.94,22.0,0.0,0.0
335.5302047729492,39.94,22.0,0.0,0.0
335.6306629180908,39.84,22.0,0.0,0.0
335.7311210632324,39.94,22.0,0.0,0.0
335.831579208374,39.84,22.0,0.0,0.0
335.9320373535156,39.84,22.0,0.0,0.0
336.0324954986572,39.94,22.0,0.0,0.0
336.1329536437988,39.94,22.0,0.0,0.0
336.23341178894043,39.94,46.0,0.0,0.0
336.33386993408203,40.71,5285.0,0.0,0.0
336.43432807922363,40.71,5285.0,27.0,1.0
336.53478622436523,40.71,5285.0,27.0,1.0
336.63524436950684,40.71,5285.0,37.0,2.0
336.73570251464844,40.71,5285.0,37.0,2.0
336.83616065979004,40.71,5285.0,37.0,2.0
336.93661880493164,40.71,5285.0,37.0,2.0
337.03707695007324,40.71,5285.0,37.0,2.0
337.13753509521484,40.71,5285.0,37.0,2.0
337.23799324035645,40.71,5285.0,37.0,2.0
337.33845138549805,40.71,5285.0,37.0,2.0
337.43890953063965,40.71,5285.0,37.0,2.0
337.53936767578125,43.63,25.0,37.0,2.0
337.63982582092285,39.84,22.0,0.0,0.0
337.74028396606445,39.94,22.0,0.0,0.0
337.84074211120605,39.94,22.0,0.0,0.0
337.94120025634766,39.94,22.0,0.0,0.0
338.04165840148926,39.94,22.0,0.0,0.0
338.14211654663086,39.84,22.0,0.0,0.0
338.24257469177246,39.94,22.0,0.0,0.0
338.34303283691406,39.94,22.0,0.0,0.0
338.44349098205566,39.84,22.0,0.0,0.0
338.54394912719727,39.94,22.0,0.0,0.0
338.64440727233887,39.84,22.0,0.0,0.0
338.74486541748047,39.84,22.0,0.0,0.0
338.84532356262207,39.94,22.0,0.0,0.0
338.9457817077637,39.94,22.0,0.0,0.0
339.0462398529053,39.94,46.0,0.0,0.0
339.1466979980469,40.71,5285.0,0.0,0.0
339.2471561431885,40.71,5285.0,27.0,1.0
339.3476142883301,40.71,5285.0,27.0,1.0
339.4480724334717,40.71,5285.0,37.0,2.0
339.5485305786133,40.71,5285.0,37.0,2.0
339.6489887237549,40.71,5285.0,37.0,2.0
339.7494468688965,40.71,5285.0,37.0,2.0
339.8499050140381,40.71,5285.0,37.0,2.0
339.9503631591797,40.71,5285.0,37.0,2.0
340.0508213043213,40.71,5285.0,37.0,2.0
340.1512794494629,40.71,5285.0,37.0,2.0
340.2517375946045,40.71,5285.0,37.0,2.0
340.3521957397461,43.63,25.0,37.0,2.0
340.4526538848877,39.84,22.0,0.0,0.0
340.5531120300293,39.94,22.0,0.0,0.0
340.6535701751709,39.94,22.0,0.0,0.0
340.7540283203125,39.94,22.0,0.0,0.0
340.8544864654541,39.94,22.0,0.0,0.0
340.9549446105957,39.84,22.0,0.0,0.0
341.0554027557373,39.94,22.0,0.0,0.0
341.1558609008789,39.94,22.0,0.0,0.0
341.2563190460205,39.84,22.0,0.0,0.0
341.3567771911621,39.94,22.0,0.0,0.0
341.4572353363037,39.84,22.0,0.0,0.0
341.5576934814453,39.84,22.0,0.0,0.0
341.6581516265869,39.94,22.0,0.0,0.0
341.7586097717285,39.94,22.0,0.0,0.0
341.8590679168701,39.94,46.0,0.0,0.0
341.9595260620117,40.71,5285.0,0.0,0.0
342.0599842071533,40.71,5285.0,27.0,1.0
342.1604423522949,40.71,5285.0,27.0,1.0
342.2609004974365,40.71,5285.0,37.0,2.0
342.3613586425781,40.71,5285.0,37.0,2.0
342.4618167877197,40.71,5285.0,37.0,2.0
342.5622749328613,40.71,5285.0,37.0,2.0
342.66273307800293,40.71,5285.0,37.0,2.0
342.76319122314453,40.71,5285.0,37.0,2.0
342.86364936828613,40.71,5285.0,37.0,2.0
342.96410751342773,40.71,5285.0,37.0,2.0
343.06456565856934,40.71,5285.0,37.0,2.0
343.16502380371094,43.63,25.0,37.0,2.0
343.26548194885254,39.84,22.0,0.0,0.0
343.36594009399414,39.94,22.0,0.0,0.0
343.46639823913574,39.94,22.0,0.0,0.0
343.56685638427734,39.94,22.0,0.0,0.0
343.66731452941895,39.94,22.0,0.0,0.0
343.76777267456055,39.84,22.0,0.0,0.0
343.86823081970215,39.94,22.0,0.0,0.0
343.96868896484375,39.94,22.0,0.0,0.0
344.06914710998535,39.84,22.0,0.0,0.0
344.16960525512695,39.94,22.0,0.0,0.0
344.27006340026855,39.84,22.0,0.0,0.0
344.37052154541016,39.84,22.0,0.0,0.0
344.47097969055176,39.94,22.0,0.0,0.0
344.57143783569336,39.94,22.0,0.0,0.0
344.67189598083496,39.94,46.0,0.0,0.0
344.77235412597656,40.71,5285.0,0.0,0.0
344.87281227111816,40.71,5285.0,27.0,1.0
344.97327041625977,40.71,5285.0,27.0,1.0
345.07372856140137,40.71,5285.0,37.0,2.0
345.17418670654297,40.71,5285.0,37.0,2.0
345.27464485168457,40.71,5285.0,37.0,2.0
345.3751029968262,40.71,5285.0,37.0,2.0
345.4755611419678,40.71,5285.0,37.0,2.0
345.5760192871094,40.71,5285.0,37.0,2.0
345.676477432251,40.71,5285.0,37.0,2.0
345.7769355773926,40.71,5285.0,37.0,2.0
345.8773937225342,40.71,5285.0,37.0,2.0
345.9778518676758,43.63,25.0,37.0,2.0
346.0783100128174,39.84,22.0,0.0,0.0
346.178768157959,39.94,22.0,0.0,0.0
346.2792263031006,39.94,22.0,0.0,0.0
346.3796844482422,39.94,22.0,0.0,0.0
346.4801425933838,39.94,22.0,0.0,0.0
346.5806007385254,39.84,22.0,0.0,0.0
346.681058883667,39.94,22.0,0.0,0.0
346.7815170288086,39.94,22.0,0.0,0.0
346.8819751739502,39.84,22.0,0.0,0.0
346.9824333190918,39.94,22.0,0.0,0.0
347.0828914642334,39.84,22.0,0.0,0.0
347.183349609375,39.84,22.0,0.0,0.0
347.2838077545166,39.94,22.0,0.0,0.0
347.3842658996582,39.94,22.0,0.0,0.0
347.4847240447998,39.94,46.0,0.0,0.0
347.5851821899414,40.71,5285.0,0.0,0.0
347.685640335083,40.71,5285.0,27.0,1.0
347.7860984802246,40.71,5285.0,27.0,1.0
347.8865566253662,40.71,5285.0,37.0,2.0
347.9870147705078,40.71,5285.0,37.0,2.0
348.0874729156494,40.71,5285.0,37.0,2.0
348.187931060791,40.71,5285.0,37.0,2.0
348.2883892059326,40.71,5285.0,37.0,2.0
348.3888473510742,40.71,5285.0,37.0,2.0
348.4893054962158,40.71,5285.0,37.0,2.0
348.5897636413574,40.71,5285.0,37.0,2.0
348.690221786499,40.71,5285.0,37.0,2.0
348.7906799316406,43.63,25.0,37.0,2.0
348.8911380767822,39.84,22.0,0.0,0.0
348.9915962219238,39.94,22.0,0.0,0.0
349.09205436706543,39.94,22.0,0.0,0.0
349.19251251220703,39.94,22.0,0.0,0.0
349.29297065734863,39.94,22.0,0.0,0.0
349.39342880249023,39.84,22.0,0.0,0.0
349.49388694763184,39.94,22.0,0.0,0.0
349.59434509277344,39.94,22.0,0.0,0.0
349.69480323791504,39.84,22.0,0.0,0.0
349.79526138305664,39.94,22.0,0.0,0.0
349.89571952819824,39.84,22.0,0.0,0.0
349.99617767333984,39.84,22.0,0.0,0.0
350.09663581848145,39.94,22.0,0.0,0.0
350.19709396362305,39.94,22.0,0.0,0.0
350.29755210876465,39.94,46.0,0.0,0.0
350.39801025390625,40.71,5285.0,0.0,0.0
350.49846839904785,40.71,5285.0,27.0,1.0
350.59892654418945,40.71,5285.0,27.0,1.0
350.69938468933105,40.71,5285.0,37.0,2.0
350.79984283447266,40.71,5285.0,37.0,2.0
350.90030097961426,40.71,5285.0,37.0,2.0
351.00075912475586,40.71,5285.0,37.0,2.0
351.10121726989746,40.71,5285.0,37.0,2.0
351.20167541503906,40.71,5285.0,37.0,2.0
351.30213356018066,40.71,5285.0,37.0,2.0
351.40259170532227,40.71,5285.0,37.0,2.0
351.50304985046387,40.71,5285.0,37.0,2.0
351.60350799560547,43.63,25.0,37.0,2.0
351.70396614074707,39.84,22.0,0.0,0.0
351.8044242858887,39.94,22.0,0.0,0.0
351.9048824310303,39.94,22.0,0.0,0.0
352.0053405761719,39.94,22.0,0.0,0.0
352.1057987213135,39.94,22.0,0.0,0.0
352.2062568664551,39.84,22.0,0.0,0.0
352.3067150115967,39.94,22.0,0.0,0.0
352.4071731567383,39.94,22.0,0.0,0.0
352.5076313018799,39.84,22.0,0.0,0.0
352.6080894470215,39.94,22.0,0.0,0.0
352.7085475921631,39.84,22.0,0.0,0.0
352.8090057373047,39.84,22.0,0.0,0.0
352.9094638824463,39.94,22.0,0.0,0.0
353.0099220275879,39.94,22.0,0.0,0.0
353.1103801727295,39.94,46.0,0.0,0.0
353.2108383178711,40.71,5285.0,0.0,0.0
353.3112964630127,40.71,5285.0,27.0,1.0
353.4117546081543,40.71,5285.0,27.0,1.0
353.5122127532959,40.71,5285.0,37.0,2.0
353.6126708984375,40.71,5285.0,37.0,2.0
353.7131290435791,40.71,5285.0,37.0,2.0
353.8135871887207,40.71,5285.0,37.0,2.0
353.9140453338623,40.71,5285.0,37.0,2.0
354.0145034790039,40.71,5285.0,37.0,2.0
354.1149616241455,40.71,5285.0,37.0,2.0
354.2154197692871,40.71,5285.0,37.0,2.0
354.3158779144287,40.71,5285.0,37.0,2.0
354.4163360595703,43.63,25.0,37.0,2.0
354.5167942047119,39.84,22.0,0.0,0.0
354.6172523498535,39.94,22.0,0.0,0.0
354.7177104949951,39.94,22.0,0.0,0.0
354.8181686401367,39.94,22.0,0.0,0.0
354.9186267852783,39.94,22.0,0.0,0.0
355.0190849304199,39.84,22.0,0.0,0.0
355.1195430755615,39.94,22.0,0.0,0.0
355.2200012207031,39.94,22.0,0.0,0.0
355.3204593658447,39.84,22.0,0.0,0.0
355.4209175109863,39.94,22.0,0.0,0.0
355.52137565612793,39.84,22.0,0.0,0.0
355.62183380126953,39.84,22.0,0.0,0.0
355.72229194641113,39.94,22.0,0.0,0.0
355.82275009155273,39.94,22.0,0.0,0.0
355.92320823669434,39.94,46.0,0.0,0.0
356.02366638183594,40.71,5285.0,0.0,0.0
356.12412452697754,40.71,5285.0,27.0,1.0
356.22458267211914,40.71,5285.0,27.0,1.0
356.32504081726074,40.71,5285.0,37.0,2.0
356.42549896240234,40.71,5285.0,37.0,2.0
356.52595710754395,40.71,5285.0,37.0,2.0
356.62641525268555,40.71,5285.0,37.0,2.0
356.72687339782715,40.71,5285.0,37.0,2.0
356.82733154296875,40.71,5285.0,37.0,2.0
356.92778968811035,40.71,5285.0,37.0,2.0
357.02824783325195,40.71,5285.0,37.0,2.0
357.12870597839355,40.71,5285.0,37.0,2.0
357.22916412353516,43.63,25.0,37.0,2.0
357.32962226867676,39.84,22.0,0.0,0.0
357.43008041381836,39.94,22.0,0.0,0.0
357.53053855895996,39.94,22.0,0.0,0.0
357.63099670410156,39.94,22.0,0.0,0.0
357.73145484924316,39.94,22.0,0.0,0.0
357.83191299438477,39.84,22.0,0.0,0.0
357.93237113952637,39.94,22.0,0.0,0.0
358.03282928466797,39.94,22.0,0.0,0.0
358.13328742980957,39.84,22.0,0.0,0.0
358.2337455749512,39.94,22.0,0.0,0.0
358.3342037200928,39.84,22.0,0.0,0.0
358.4346618652344,39.84,22.0,0.0,0.0
358.535120010376,39.94,22.0,0.0,0.0
358.6355781555176,39.94,22.0,0.0,0.0
358.7360363006592,39.94,46.0,0.0,0.0
358.8364944458008,40.71,5285.0,0.0,0.0
358.9369525909424,40.71,5285.0,27.0,1.0
359.037410736084,40.71,5285.0,27.0,1.0
359.1378688812256,40.71,5285.0,37.0,2.0
359.2383270263672,40.71,5285.0,37.0,2.0
359.3387851715088,40.71,5285.0,37.0,2.0
359.4392433166504,40.71,5285.0,37.0,2.0
359.539701461792,40.71,5285.0,37.0,2.0
359.6401596069336,40.71,5285.0,37.0,2.0
359.7406177520752,40.71,5285.0,37.0,2.0
359.8410758972168,40.71,5285.0,37.0,2.0
359.9415340423584,40.71,5285.0,37.0,2.0
360.0419921875,43.63,25.0,37.0,2.0
