,loss,acc,val_loss,val_acc
0,1.7058761200662387,0.21398304402828217,1.5934416055679321,0.22151899337768555
1,1.584236997669026,0.2118644118309021,1.5252089500427246,0.2405063360929489
2,1.5113518965446342,0.21822033822536469,1.4784458875656128,0.2405063360929489
3,1.4573541798834073,0.21822033822536469,1.4350374937057495,0.2405063360929489
4,1.43571043216576,0.22457626461982727,1.3904688358306885,0.2405063360929489
5,1.35187182790142,0.22669491171836853,1.3592052459716797,0.2405063360929489
6,1.3252425658500802,0.2542372941970825,1.3253120183944702,0.2405063360929489
7,1.2729701692775144,0.2605932056903839,1.300634503364563,0.2594936788082123
8,1.2445272005210488,0.2944915294647217,1.2834293842315674,0.297468364238739
9,1.217172776238393,0.3326271176338196,1.2681735754013062,0.3417721390724182
10,1.1986409425735474,0.37288135290145874,1.2551978826522827,0.3544303774833679
11,1.1806535437955694,0.375,1.2364610433578491,0.3544303774833679
12,1.1825448274612427,0.37711864709854126,1.2325084209442139,0.40506330132484436
13,1.1835493798983299,0.41101694107055664,1.2222689390182495,0.4556961953639984
14,1.1648944313243283,0.42584747076034546,1.2130794525146484,0.5
15,1.1376367746773413,0.4682203531265259,1.206417441368103,0.6455696225166321
16,1.1420430126836745,0.47033897042274475,1.2018704414367676,0.6645569801330566
17,1.128129365080494,0.472457617521286,1.1960017681121826,0.6518987417221069
18,1.11271071434021,0.5042372941970825,1.189715027809143,0.702531635761261
19,1.1018731149576477,0.5444915294647217,1.1803678274154663,0.746835470199585
20,1.0880828227026988,0.5762711763381958,1.1722581386566162,0.746835470199585
21,1.0950743525715199,0.6080508232116699,1.1639103889465332,0.7658227682113647
22,1.0989236346745894,0.6101694703102112,1.1565086841583252,0.7658227682113647
23,1.0633789866657581,0.633474588394165,1.1483407020568848,0.7658227682113647
24,1.074399396524591,0.6355932354927063,1.1383299827575684,0.7658227682113647
25,1.0554465803049378,0.6504237055778503,1.151520013809204,0.7848101258277893
26,1.068591487609734,0.7309321761131287,1.1403969526290894,0.8037974834442139
27,1.0456473180803203,0.7033898234367371,1.1285666227340698,0.797468364238739
28,1.0386353104801502,0.7182203531265259,1.1160980463027954,0.7658227682113647
29,1.0298847162117393,0.6122881174087524,1.104508638381958,0.7405063509941101
30,1.0101819432387917,0.6673728823661804,1.0900088548660278,0.7405063509941101
31,1.0229686337002253,0.6101694703102112,1.07498037815094,0.7341772317886353
32,1.0099958848145048,0.6292372941970825,1.0611889362335205,0.7784810066223145
33,0.978659185312562,0.6546609997749329,1.04977285861969,0.8037974834442139
34,0.9662245421086327,0.6483050584793091,1.038896918296814,0.8227847814559937
35,0.9687209422305479,0.6652542352676392,1.0223166942596436,0.8354430198669434
36,0.9397845237942065,0.6970338821411133,1.0019073486328125,0.7911392450332642
37,0.9303655078855612,0.694915235042572,0.9864078164100647,0.753164529800415
38,0.9296751749717583,0.6610169410705566,0.9717316627502441,0.7721518874168396
39,0.8972813901254686,0.6694915294647217,0.9544137716293335,0.8227847814559937
40,0.9270178140219996,0.6991525292396545,0.965886652469635,0.8987341523170471
41,0.8929038977218886,0.7690678238868713,0.926559329032898,0.8607594966888428
42,0.883518705933781,0.7478813529014587,0.9094459414482117,0.753164529800415
43,0.8540665699263751,0.7055084705352783,0.8921955227851868,0.753164529800415
44,0.842265887785766,0.6822034120559692,0.8714773654937744,0.8164557218551636
45,0.8408743537078469,0.7542372941970825,0.8651682138442993,0.9240506291389465
46,0.8466707245778229,0.8283898234367371,0.8505998253822327,0.9113923907279968
47,0.8226005778474322,0.8389830589294434,0.8339723944664001,0.8481012582778931
48,0.7944030539464142,0.7817796468734741,0.8319154381752014,0.797468364238739
49,0.8518788582187587,0.7055084705352783,0.8388959765434265,0.8101266026496887
50,0.8530606667874223,0.7436440587043762,0.8617016673088074,0.8607594966888428
51,0.8459537534390466,0.7987288236618042,0.881287693977356,0.9113923907279968
52,0.816952282089298,0.8389830589294434,0.8638889193534851,0.892405092716217
53,0.8280813653590315,0.819915235042572,0.8680001497268677,0.8417721390724182
54,0.7793632735640316,0.805084764957428,0.8354431390762329,0.892405092716217
55,0.7796926235748549,0.8389830589294434,0.8694836497306824,0.8797468543052673
56,0.753084080704188,0.8411017060279846,0.780655026435852,0.797468364238739
57,0.7260014859296507,0.8008474707603455,0.7446423172950745,0.797468364238739
58,0.6860784231606176,0.8326271176338196,0.8749246597290039,0.8481012582778931
59,0.6909183677980455,0.8707627058029175,0.7123717069625854,0.8101266026496887
60,0.6830738570730565,0.8156779408454895,0.7414596676826477,0.7911392450332642
61,0.7061282719595957,0.7627118825912476,0.7050589323043823,0.8101266026496887
62,0.6881507008762683,0.75,0.6402525305747986,0.8291139006614685
63,0.6212346048678382,0.8135592937469482,1.0181224346160889,0.8860759735107422
64,0.7664223454766355,0.8940678238868713,0.5871520042419434,0.9113923907279968
65,0.6072629306275966,0.8559321761131287,0.6271166205406189,0.8417721390724182
66,0.6537008426957212,0.8220338821411133,0.6149231791496277,0.8227847814559937
67,0.6457568073676805,0.7987288236618042,0.6341271996498108,0.8101266026496887
68,0.6536621027073618,0.8072034120559692,0.5706908106803894,0.8607594966888428
69,0.6435773918184183,0.8368644118309021,0.5936528444290161,0.8987341523170471
70,0.5962217177374888,0.8601694703102112,0.5832200646400452,0.8670886158943176
71,0.5662943326820762,0.8474576473236084,0.5760796666145325,0.8734177350997925
72,0.5834965655359171,0.8453390002250671,0.5516514778137207,0.892405092716217
73,0.5461131657584238,0.8686440587043762,0.5658389925956726,0.9177215099334717
74,0.5156281156054998,0.9004237055778503,0.5025135278701782,0.9113923907279968
75,0.5084746702242706,0.8644067645072937,0.4788447916507721,0.8797468543052673
76,0.5067029019533578,0.8538135886192322,0.5283828973770142,0.9303797483444214
77,0.4974979071293847,0.9131355881690979,0.4972165822982788,0.8544303774833679
78,0.6135306519977117,0.741525411605835,0.6871402859687805,0.6962025165557861
79,0.776539959139743,0.5868644118309021,0.7723438143730164,0.607594907283783
80,0.7845037953328278,0.5826271176338196,0.8058159351348877,0.5759493708610535
81,0.7715883669206651,0.5974576473236084,0.778258204460144,0.5886076092720032
82,0.7553447252613003,0.6228813529014587,0.7613638043403625,0.6455696225166321
83,0.7608532733836416,0.6822034120559692,0.7455252408981323,0.746835470199585
84,0.7062736103090189,0.7881355881690979,0.7433581948280334,0.8797468543052673
85,0.7773101875337504,0.8241525292396545,0.8165091872215271,0.8860759735107422
86,0.6237445463568477,0.8898305296897888,0.8414940237998962,0.892405092716217
87,0.6835205544859676,0.8919491767883301,0.8441748023033142,0.905063271522522
88,0.6888728606498847,0.8898305296897888,0.8591431975364685,0.905063271522522
89,0.694658403679476,0.8855932354927063,0.8260113000869751,0.905063271522522
90,0.6969464390964831,0.8728813529014587,0.8161857724189758,0.892405092716217
91,0.6504432771165493,0.8686440587043762,0.7873625159263611,0.8797468543052673
92,0.6196501335855258,0.8686440587043762,0.7490500807762146,0.8417721390724182
93,0.6052927758734105,0.8453390002250671,0.7283649444580078,0.7658227682113647
94,0.6157773995803575,0.8516949415206909,0.7109062075614929,0.7721518874168396
95,0.6436552051770486,0.8114407062530518,0.7026348114013672,0.7911392450332642
96,0.5831609550168959,0.8093220591545105,0.6892925500869751,0.8037974834442139
97,0.5779234595217947,0.8411017060279846,0.6783080697059631,0.8354430198669434
98,0.5706285915132296,0.8347457647323608,0.6453415155410767,0.8860759735107422
99,0.5701043797751605,0.8601694703102112,0.5980351567268372,0.9113923907279968
100,0.5009237689487005,0.8792372941970825,0.5834885835647583,0.9303797483444214
101,0.5273417648622545,0.8686440587043762,0.5709466934204102,0.9367088675498962
102,0.5309732616957972,0.883474588394165,0.5526872277259827,0.9367088675498962
103,0.5508173254586882,0.875,0.5402352809906006,0.9303797483444214
104,0.5020515307531519,0.8707627058029175,0.5316661596298218,0.9303797483444214
105,0.48423573071673764,0.8728813529014587,0.5081501603126526,0.9430379867553711
106,0.47302555027654614,0.8940678238868713,0.4861583411693573,0.949367105960846
107,0.4510423066252369,0.9131355881690979,0.47074416279792786,0.9556962251663208
108,0.4316686629238775,0.9322034120559692,0.4370171129703522,0.9556962251663208
109,0.381257783053285,0.9258474707603455,0.4105888605117798,0.949367105960846
110,0.3726107397321927,0.9173728823661804,0.38349804282188416,0.9556962251663208
111,0.3772346811779475,0.9364407062530518,0.365831196308136,0.9556962251663208
112,0.3493594188811415,0.9279661178588867,0.3503439426422119,0.949367105960846
113,0.37148892424874386,0.9067796468734741,0.3431141674518585,0.949367105960846
114,0.35730131803932835,0.9258474707603455,0.3353205919265747,0.949367105960846
115,0.35869091143042353,0.9088982939720154,0.33285626769065857,0.9430379867553711
116,0.3366158225778806,0.9152542352676392,0.3226518929004669,0.949367105960846
117,0.324179610458471,0.9173728823661804,0.31665584444999695,0.949367105960846
118,0.32085037484007367,0.9279661178588867,0.325544536113739,0.9303797483444214
119,0.35472163355956643,0.8898305296897888,0.31039169430732727,0.9367088675498962
120,0.3094928572743626,0.9152542352676392,0.28786930441856384,0.9620253443717957
121,0.316263273105783,0.9343220591545105,0.2864135205745697,0.9620253443717957
122,0.30627286535198406,0.9322034120559692,0.2899700999259949,0.9556962251663208
123,0.30134869328999925,0.9237288236618042,0.2843400537967682,0.9620253443717957
124,0.2811423110759864,0.9279661178588867,0.29852917790412903,0.9620253443717957
125,0.38037762803546454,0.9004237055778503,0.4422253966331482,0.8544303774833679
126,0.5245059799339812,0.7966101765632629,0.41314730048179626,0.8797468543052673
127,0.43389666282524497,0.8474576473236084,0.3006737530231476,0.9556962251663208
128,0.6703786385261407,0.9258474707603455,0.35746467113494873,0.9113923907279968
129,0.4813592827926248,0.8432203531265259,0.5362703800201416,0.8101266026496887
130,0.6824826335502883,0.6970338821411133,0.7756423354148865,0.6835442781448364
131,0.7573659510935767,0.6355932354927063,0.7795929908752441,0.6772152185440063
132,0.7279641517138077,0.6546609997749329,0.6994636654853821,0.7088607549667358
133,0.6364647160142155,0.6927965879440308,0.6173714995384216,0.746835470199585
134,0.570969050213442,0.7627118825912476,0.6061042547225952,0.7721518874168396
135,0.5751500250929493,0.7944915294647217,0.6189649701118469,0.8481012582778931
136,0.5654991046857025,0.8389830589294434,0.6543435454368591,0.8987341523170471
137,0.5271899619344937,0.8855932354927063,0.6939135789871216,0.9303797483444214
138,0.5290324496010602,0.9004237055778503,0.7121094465255737,0.9430379867553711
139,0.4987575048107212,0.9131355881690979,0.7143987417221069,0.9430379867553711
140,0.5194343722472756,0.9152542352676392,0.6949781775474548,0.9430379867553711
141,0.5368980603702997,0.9173728823661804,0.649724006652832,0.9430379867553711
142,0.4904266161433721,0.9194915294647217,0.6060197353363037,0.9367088675498962
143,0.497932106256485,0.9237288236618042,0.5670850872993469,0.9303797483444214
144,0.4882481764938872,0.8983050584793091,0.5348890423774719,0.9113923907279968
145,0.4857082144688752,0.883474588394165,0.5130301713943481,0.9113923907279968
146,0.46044817213284767,0.8855932354927063,0.5038517713546753,0.9303797483444214
147,0.4462779093596895,0.8686440587043762,0.48143470287323,0.9303797483444214
148,0.4258046357308404,0.9025423526763916,0.47315308451652527,0.9177215099334717
149,0.4133758666151661,0.9067796468734741,0.4740104079246521,0.9303797483444214
150,0.3899758847083076,0.9343220591545105,0.5869684219360352,0.9177215099334717
151,0.655978365469787,0.9216101765632629,0.45360761880874634,0.9303797483444214
152,0.4303027159076626,0.9258474707603455,0.4322727918624878,0.949367105960846
153,0.38381452227042895,0.8983050584793091,0.42605164647102356,0.9303797483444214
154,0.44431392671698233,0.8728813529014587,0.4465034604072571,0.9240506291389465
155,0.45535814560065835,0.875,0.46569404006004333,0.9240506291389465
156,0.45444255208565015,0.8601694703102112,0.50119549036026,0.905063271522522
157,0.47230995610608895,0.875,0.5221555233001709,0.8987341523170471
158,0.44719472982115666,0.8644067645072937,0.5358244776725769,0.8860759735107422
159,0.502869291830871,0.8453390002250671,0.577536940574646,0.8670886158943176
160,0.4837706412299205,0.8262711763381958,0.5631376504898071,0.8607594966888428
161,0.5354919787180625,0.8093220591545105,0.5475063323974609,0.8607594966888428
162,0.5085354568594593,0.805084764957428,0.5324256420135498,0.8670886158943176
163,0.4971800325280529,0.8220338821411133,0.5197670459747314,0.8670886158943176
164,0.4618641749276953,0.8474576473236084,0.49358391761779785,0.892405092716217
165,0.42527601375418195,0.8728813529014587,0.4397256672382355,0.9113923907279968
166,0.3939941848738719,0.8771186470985413,0.42728519439697266,0.9177215099334717
167,0.4010781974105512,0.8813559412956238,0.41195446252822876,0.9367088675498962
168,0.3888333980309761,0.8771186470985413,0.3925660252571106,0.9430379867553711
169,0.3646714788372234,0.9194915294647217,0.4333455562591553,0.9620253443717957
170,0.3713201930967428,0.9385592937469482,0.3786182105541229,0.9683544039726257
171,0.3349087829306974,0.944915235042572,0.35188090801239014,0.9620253443717957
172,0.3450589912422633,0.9322034120559692,0.33844584226608276,0.949367105960846
173,0.30030743045321967,0.9427965879440308,0.35849711298942566,0.9683544039726257
174,0.2973261296243991,0.9491525292396545,0.30591219663619995,0.9430379867553711
175,0.25425544482166484,0.9322034120559692,0.2777467668056488,0.9556962251663208
176,0.25858115139654125,0.9576271176338196,0.32741686701774597,0.9683544039726257
177,0.2473147895376561,0.9576271176338196,0.26257506012916565,0.949367105960846
178,0.2261776845839064,0.9533898234367371,0.2695693075656891,0.9430379867553711
179,0.2731140581733089,0.9322034120559692,0.27395331859588623,0.9746835231781006
180,0.4901177044642174,0.9364407062530518,0.24191291630268097,0.949367105960846
181,0.25760705592268607,0.9237288236618042,0.32431644201278687,0.892405092716217
182,0.42631931173599374,0.8262711763381958,0.31932541728019714,0.8987341523170471
183,0.38730448838007653,0.8432203531265259,0.25776994228363037,0.9430379867553711
184,0.2749998614949695,0.9364407062530518,0.3588247299194336,0.9683544039726257
185,0.2747883480989327,0.9470338821411133,0.24686574935913086,0.9746835231781006
186,0.21698197747691203,0.9470338821411133,0.27279040217399597,0.9556962251663208
187,0.23430950358762578,0.9470338821411133,0.281129390001297,0.949367105960846
188,0.23423136897006278,0.9512711763381958,0.2793036103248596,0.9556962251663208
189,0.2106950371447256,0.9639830589294434,0.2683202624320984,0.9683544039726257
190,0.2201728502572593,0.9597457647323608,0.2741052210330963,0.9746835231781006
191,0.20730813074920137,0.9639830589294434,0.27968671917915344,0.9746835231781006
192,0.21038124419875065,0.9618644118309021,0.2812193036079407,0.9746835231781006
193,0.20563223503403744,0.9639830589294434,0.28154709935188293,0.9683544039726257
194,0.18838533102455784,0.9639830589294434,0.2801811695098877,0.9620253443717957
195,0.1892404243097467,0.9703390002250671,0.2758217751979828,0.9683544039726257
196,0.18045804940037807,0.9661017060279846,0.2702656388282776,0.9746835231781006
197,0.16415031658390822,0.9597457647323608,0.2630475163459778,0.9746835231781006
198,0.1714358115095203,0.9618644118309021,0.25922325253486633,0.9746835231781006
199,0.16225568419795924,0.9661017060279846,0.2567606270313263,0.9746835231781006
200,0.16840902198169191,0.9745762944221497,0.26150956749916077,0.9683544039726257
201,0.16942213627241426,0.9618644118309021,0.27017101645469666,0.9556962251663208
202,0.14761026115235637,0.9682203531265259,0.2693869173526764,0.9556962251663208
203,0.1534337393813214,0.9703390002250671,0.2675873935222626,0.9556962251663208
204,0.14842867851257324,0.9661017060279846,0.25867050886154175,0.9683544039726257
205,0.13588405968779224,0.9766949415206909,0.2507876455783844,0.9810126423835754
206,0.15384959947254698,0.9745762944221497,0.3487239181995392,0.9240506291389465
207,0.3662067222393165,0.8686440587043762,0.46771183609962463,0.8670886158943176
208,0.5363296826007002,0.8135592937469482,0.3740587830543518,0.8734177350997925
209,0.5424402133893158,0.8072034120559692,0.2945244610309601,0.8987341523170471
210,0.3996323407706568,0.8728813529014587,0.30174481868743896,0.949367105960846
211,0.2601842155395928,0.9427965879440308,0.2798518240451813,0.9683544039726257
212,0.31810173240758605,0.9555084705352783,0.5807734131813049,0.9556962251663208
213,0.28691346817097424,0.9618644118309021,0.4365776777267456,0.9556962251663208
214,0.2523319312071396,0.9576271176338196,0.32195496559143066,0.9683544039726257
215,0.259098385855303,0.9555084705352783,0.31965726613998413,0.9556962251663208
216,0.2589974529662375,0.9364407062530518,0.3299444615840912,0.949367105960846
217,0.2765638083219528,0.9279661178588867,0.3352215588092804,0.949367105960846
218,0.28020355105400085,0.9364407062530518,0.3319169580936432,0.949367105960846
219,0.24608442288334087,0.9512711763381958,0.32559582591056824,0.9556962251663208
220,0.23664839186910855,0.9512711763381958,0.33450788259506226,0.9746835231781006
221,0.2167834114220183,0.9703390002250671,0.35047003626823425,0.9810126423835754
222,0.24219479550749567,0.9766949415206909,0.3235225975513458,0.9810126423835754
223,0.22858568975480936,0.9745762944221497,0.2913265526294708,0.9746835231781006
224,0.190716625522759,0.9745762944221497,0.2889891564846039,0.9746835231781006
225,0.1766213577682689,0.9703390002250671,0.2904379367828369,0.9746835231781006
226,0.18836017937983496,0.9597457647323608,0.28976234793663025,0.9746835231781006
227,0.16948823731834606,0.9788135886192322,0.2893015742301941,0.9746835231781006
228,0.15304919496431188,0.9766949415206909,0.2878330945968628,0.9746835231781006
229,0.17800059586258257,0.9724576473236084,0.286641389131546,0.9746835231781006
230,0.17288215294227763,0.9788135886192322,0.2849089801311493,0.9746835231781006
231,0.1449933928453316,0.9766949415206909,0.2739553153514862,0.9810126423835754
232,0.1503171685893657,0.9809321761131287,0.2723930776119232,0.9810126423835754
233,0.14134765429011845,0.9830508232116699,0.27406826615333557,0.9810126423835754
234,0.12124943101810197,0.9830508232116699,0.27666574716567993,0.9746835231781006
235,0.12028993009510687,0.9745762944221497,0.27754998207092285,0.9746835231781006
236,0.17113903240632203,0.9851694703102112,0.2938430607318878,0.9620253443717957
237,0.14914350792513056,0.9661017060279846,0.34896320104599,0.9430379867553711
238,0.2818541794510211,0.9322034120559692,0.39914917945861816,0.9303797483444214
239,0.3109425462908664,0.9194915294647217,0.44179606437683105,0.9177215099334717
240,0.3403267996796107,0.9131355881690979,0.4484838545322418,0.9113923907279968
241,0.3597810106762385,0.9216101765632629,0.47144070267677307,0.8987341523170471
242,0.36674012774128023,0.9088982939720154,0.4739581346511841,0.9113923907279968
243,0.37480074116739176,0.8983050584793091,0.5081532001495361,0.8860759735107422
244,0.4055240144163875,0.883474588394165,0.5017930865287781,0.8987341523170471
245,0.3516188440686565,0.9088982939720154,0.4474067687988281,0.9177215099334717
246,0.36040937900543213,0.9216101765632629,0.40264493227005005,0.9367088675498962
247,0.32141443127292696,0.9237288236618042,0.4332754909992218,0.9367088675498962
248,0.3171200651233479,0.9258474707603455,0.4201190769672394,0.9367088675498962
249,0.2728494345131567,0.9237288236618042,0.4152800142765045,0.9303797483444214
250,0.2682850138615754,0.9216101765632629,0.4183599352836609,0.9303797483444214
251,0.2770957113322565,0.9237288236618042,0.4174518287181854,0.9303797483444214
252,0.2750747587721227,0.9216101765632629,0.4114674925804138,0.9303797483444214
253,0.27459519697447954,0.9237288236618042,0.37963297963142395,0.9367088675498962
254,0.2653055461281437,0.930084764957428,0.3838784098625183,0.9367088675498962
255,0.25418123501842305,0.9406779408454895,0.3903883099555969,0.9430379867553711
256,0.2723538673530191,0.9406779408454895,0.3878399133682251,0.9367088675498962
257,0.2661826140799765,0.9427965879440308,0.3739510178565979,0.9367088675498962
258,0.2389579036478269,0.9385592937469482,0.3625296652317047,0.9430379867553711
259,0.24368016017695604,0.9364407062530518,0.364295095205307,0.9430379867553711
260,0.25042091486817697,0.9322034120559692,0.3575188219547272,0.9430379867553711
261,0.25361655475729605,0.930084764957428,0.3534873425960541,0.9430379867553711
262,0.23348560752504963,0.9322034120559692,0.3508211076259613,0.9430379867553711
263,0.23978392299959214,0.930084764957428,0.3485233783721924,0.949367105960846
264,0.24713807388887568,0.9364407062530518,0.3460560142993927,0.949367105960846
265,0.21769059487318587,0.944915235042572,0.3445577025413513,0.949367105960846
266,0.20882237639467596,0.9406779408454895,0.3441772758960724,0.949367105960846
267,0.20950335415743165,0.9427965879440308,0.3451610505580902,0.949367105960846
268,0.21612254921662605,0.944915235042572,0.3452810049057007,0.949367105960846
269,0.20377498233722427,0.9491525292396545,0.34414035081863403,0.949367105960846
270,0.19269709667917026,0.9491525292396545,0.34099480509757996,0.949367105960846
271,0.20629450653569173,0.944915235042572,0.3417983055114746,0.949367105960846
272,0.1982816760822878,0.9470338821411133,0.3432250916957855,0.949367105960846
273,0.19537640981755014,0.9491525292396545,0.34245017170906067,0.949367105960846
274,0.19047750684164338,0.9427965879440308,0.34975481033325195,0.949367105960846
275,0.18459548182406668,0.9512711763381958,0.35015520453453064,0.949367105960846
276,0.1831677737882582,0.944915235042572,0.34393930435180664,0.949367105960846
277,0.1854639727685411,0.944915235042572,0.3405560851097107,0.9620253443717957
278,0.1914693170179755,0.944915235042572,0.4105946123600006,0.9556962251663208
279,0.1921525595046706,0.9470338821411133,0.33509063720703125,0.9620253443717957
280,0.18437308729705165,0.9470338821411133,0.33333060145378113,0.9620253443717957
281,0.18491302051786648,0.944915235042572,0.33219483494758606,0.9620253443717957
282,0.17580215986502373,0.9491525292396545,0.3309263586997986,0.9620253443717957
283,0.1861869854442144,0.9470338821411133,0.33086317777633667,0.9620253443717957
284,0.1595709091525967,0.9470338821411133,0.3297051191329956,0.9620253443717957
285,0.1696451182587672,0.9470338821411133,0.3440415561199188,0.9620253443717957
286,0.159999785029282,0.944915235042572,0.4148162305355072,0.9556962251663208
287,0.16828926412735956,0.9491525292396545,0.4303538501262665,0.9556962251663208
288,0.1733869157605252,0.944915235042572,0.3335154056549072,0.9620253443717957
289,0.17093887849379394,0.9470338821411133,0.3247307240962982,0.9620253443717957
290,0.16209883634316719,0.9512711763381958,0.3238011598587036,0.9620253443717957
291,0.1662855466543618,0.9512711763381958,0.32377108931541443,0.9620253443717957
292,0.15825715357974424,0.9512711763381958,0.32445403933525085,0.9620253443717957
293,0.15085929000781753,0.9512711763381958,0.3238256871700287,0.9620253443717957
294,0.1568181733206167,0.9512711763381958,0.32234928011894226,0.9620253443717957
295,0.16012654314606878,0.9512711763381958,0.3214782476425171,0.9620253443717957
296,0.16423974022016688,0.9533898234367371,0.32126301527023315,0.9620253443717957
297,0.17508514326507763,0.9512711763381958,0.3211320638656616,0.9620253443717957
298,0.16541972453311338,0.9533898234367371,0.32170289754867554,0.9620253443717957
299,0.15405491827908208,0.9533898234367371,0.3222634196281433,0.9620253443717957
300,0.16293000215190953,0.9491525292396545,0.3211815655231476,0.9620253443717957
301,0.15839063464584996,0.9512711763381958,0.3208872973918915,0.9620253443717957
302,0.15181644690238824,0.9533898234367371,0.3203495442867279,0.9620253443717957
303,0.16264562056226245,0.9555084705352783,0.3193071484565735,0.9620253443717957
304,0.1599668235344402,0.9533898234367371,0.31896495819091797,0.9620253443717957
305,0.1592879136235027,0.9533898234367371,0.3185737133026123,0.9620253443717957
306,0.15859812245530597,0.9555084705352783,0.31828567385673523,0.9620253443717957
307,0.14583007486189825,0.9512711763381958,0.3181440830230713,0.9620253443717957
308,0.1500077541854422,0.9555084705352783,0.3181453049182892,0.9620253443717957
309,0.15711471185845843,0.9555084705352783,0.3178567588329315,0.9620253443717957
310,0.14858776154154438,0.9533898234367371,0.31766295433044434,0.9620253443717957
311,0.1431415917004569,0.9555084705352783,0.3175657391548157,0.9620253443717957
312,0.16533969873088902,0.9576271176338196,0.31739482283592224,0.9620253443717957
313,0.13834444168260543,0.9555084705352783,0.3174794018268585,0.9620253443717957
314,0.15158844941248328,0.9576271176338196,0.31775569915771484,0.9620253443717957
315,0.14112659127025282,0.9576271176338196,0.3171064853668213,0.9620253443717957
316,0.1434348258426634,0.9533898234367371,0.31660011410713196,0.9620253443717957
317,0.14317481952198483,0.9576271176338196,0.3162258267402649,0.9620253443717957
318,0.1440239182468188,0.9555084705352783,0.31612861156463623,0.9620253443717957
319,0.1411177308882697,0.9597457647323608,0.3161429762840271,0.9620253443717957
320,0.13955638671325424,0.9576271176338196,0.3163694441318512,0.9620253443717957
321,0.13740459261304241,0.9555084705352783,0.3170458972454071,0.9620253443717957
322,0.1296704929258864,0.9597457647323608,0.3169970214366913,0.9620253443717957
323,0.12991345850592953,0.9576271176338196,0.3163330852985382,0.9620253443717957
324,0.13929126171742456,0.9597457647323608,0.315471351146698,0.9620253443717957
325,0.1315801185318979,0.9597457647323608,0.31483137607574463,0.9620253443717957
326,0.13403644981020588,0.9597457647323608,0.3145451247692108,0.9620253443717957
327,0.12604293113542817,0.9618644118309021,0.3141031265258789,0.9620253443717957
328,0.12837241994122328,0.9576271176338196,0.31368014216423035,0.9620253443717957
329,0.13384912276672103,0.9576271176338196,0.3133698105812073,0.9683544039726257
330,0.122294717673528,0.9639830589294434,0.31268951296806335,0.9683544039726257
331,0.12232110459925764,0.9703390002250671,0.3130115270614624,0.9683544039726257
332,0.12418805302704795,0.9661017060279846,0.3139880895614624,0.9683544039726257
333,0.11239772858256,0.9724576473236084,0.3136919438838959,0.9683544039726257
334,0.11564745741375422,0.9639830589294434,0.3128725290298462,0.9746835231781006
335,0.1251055924064022,0.9661017060279846,0.3120032846927643,0.9746835231781006
336,0.1255951253539425,0.9703390002250671,0.31120386719703674,0.9746835231781006
337,0.11850169174751993,0.9639830589294434,0.3113531172275543,0.9746835231781006
338,0.10906549568398524,0.9682203531265259,0.29859310388565063,0.9810126423835754
339,0.11791280303466117,0.9703390002250671,0.29838043451309204,0.9810126423835754
340,0.12437973272497371,0.9682203531265259,0.2981407642364502,0.9810126423835754
341,0.11945557076547106,0.9639830589294434,0.29795846343040466,0.9810126423835754
342,0.11199808625851647,0.9661017060279846,0.29792991280555725,0.9810126423835754
343,0.10937943006471051,0.9724576473236084,0.29791709780693054,0.9810126423835754
344,0.11614165796061694,0.9703390002250671,0.2980792820453644,0.9810126423835754
345,0.10093176301758168,0.9682203531265259,0.2986365258693695,0.9810126423835754
346,0.09754888599706908,0.9724576473236084,0.29945680499076843,0.9810126423835754
347,0.09768261091183808,0.9703390002250671,0.3004525303840637,0.9810126423835754
348,0.09913308097649429,0.9745762944221497,0.3011915683746338,0.9810126423835754
349,0.10376610493255874,0.9724576473236084,0.30169472098350525,0.9810126423835754
350,0.08811751071174266,0.9766949415206909,0.30206164717674255,0.9810126423835754
351,0.09398879704333968,0.9766949415206909,0.30250346660614014,0.9810126423835754
352,0.09346647118612872,0.9766949415206909,0.30269095301628113,0.9810126423835754
353,0.09626164022138563,0.9745762944221497,0.3028261959552765,0.9810126423835754
354,0.09163468242701837,0.9766949415206909,0.3029608428478241,0.9810126423835754
355,0.09058135154388719,0.9724576473236084,0.30325186252593994,0.9810126423835754
356,0.09743610971559913,0.9745762944221497,0.3035237193107605,0.9810126423835754
357,0.09105227786605641,0.9766949415206909,0.30425339937210083,0.9810126423835754
358,0.09219165184235169,0.9745762944221497,0.3050761818885803,0.9810126423835754
359,0.09700514578213126,0.9745762944221497,0.3051629960536957,0.9810126423835754
360,0.08624514912144612,0.9788135886192322,0.3050749897956848,0.9810126423835754
361,0.09202823497481265,0.9766949415206909,0.30501335859298706,0.9810126423835754
362,0.09669569311505657,0.9766949415206909,0.30502280592918396,0.9810126423835754
363,0.09047641605138779,0.9745762944221497,0.3053944706916809,0.9810126423835754
364,0.09163187065366972,0.9766949415206909,0.30586323142051697,0.9810126423835754
365,0.09287826742156077,0.9766949415206909,0.3063697814941406,0.9810126423835754
366,0.09992666504645752,0.9766949415206909,0.3067355751991272,0.9810126423835754
367,0.09292609459262784,0.9766949415206909,0.3071180284023285,0.9810126423835754
368,0.08536248767780046,0.9745762944221497,0.30768558382987976,0.9810126423835754
369,0.08968538588891595,0.9766949415206909,0.3083139657974243,0.9810126423835754
370,0.08939029074321359,0.9766949415206909,0.30888476967811584,0.9810126423835754
371,0.08515854331396394,0.9788135886192322,0.3089927136898041,0.9810126423835754
372,0.08583380711280693,0.9766949415206909,0.309093177318573,0.9810126423835754
373,0.09062265983577501,0.9766949415206909,0.30926749110221863,0.9810126423835754
374,0.08929690952270718,0.9724576473236084,0.3097425699234009,0.9810126423835754
375,0.0820734744607392,0.9788135886192322,0.31032806634902954,0.9810126423835754
376,0.08207092838267148,0.9788135886192322,0.3108094334602356,0.9810126423835754
377,0.08567920832310692,0.9766949415206909,0.31120479106903076,0.9810126423835754
378,0.09195385027234837,0.9766949415206909,0.31134605407714844,0.9810126423835754
379,0.08125626952466318,0.9788135886192322,0.3117816746234894,0.9810126423835754
380,0.08436646350359513,0.9745762944221497,0.31205904483795166,0.9810126423835754
381,0.08413585679510892,0.9788135886192322,0.3124752640724182,0.9810126423835754
382,0.07633405027248091,0.9766949415206909,0.31297338008880615,0.9810126423835754
383,0.08432172440876395,0.9766949415206909,0.31358471512794495,0.9810126423835754
384,0.07378316860077745,0.9788135886192322,0.3142757713794708,0.9810126423835754
385,0.0760243048859855,0.9766949415206909,0.31485825777053833,0.9810126423835754
386,0.08231476239733777,0.9788135886192322,0.31537356972694397,0.9810126423835754
387,0.0832216814160347,0.9745762944221497,0.3158957362174988,0.9810126423835754
388,0.07584242598485139,0.9788135886192322,0.3164404332637787,0.9810126423835754
389,0.08097782604775186,0.9766949415206909,0.31675079464912415,0.9810126423835754
390,0.08868192811891185,0.9766949415206909,0.31719425320625305,0.9810126423835754
391,0.07933395204402632,0.9766949415206909,0.3177219033241272,0.9810126423835754
392,0.0735678941769115,0.9788135886192322,0.31831416487693787,0.9810126423835754
393,0.07878849958464251,0.9788135886192322,0.31881219148635864,0.9810126423835754
394,0.0829438366374727,0.9745762944221497,0.319219708442688,0.9810126423835754
395,0.07839162799261384,0.9766949415206909,0.31980279088020325,0.9810126423835754
396,0.08130764632912005,0.9788135886192322,0.3202531039714813,0.9810126423835754
397,0.07938932564298985,0.9788135886192322,0.3207434117794037,0.9810126423835754
398,0.07261508324388731,0.9788135886192322,0.32123708724975586,0.9810126423835754
399,0.07804950351937343,0.9766949415206909,0.3216719329357147,0.9810126423835754
400,0.0762440375983715,0.9788135886192322,0.32235264778137207,0.9810126423835754
401,0.07536514696933455,0.9788135886192322,0.3229590356349945,0.9810126423835754
402,0.07140213920403335,0.9788135886192322,0.3237123191356659,0.9810126423835754
403,0.07551310426097806,0.9809321761131287,0.3244040310382843,0.9810126423835754
404,0.07211956823781385,0.9788135886192322,0.32489100098609924,0.9810126423835754
405,0.07552781764228465,0.9788135886192322,0.32484787702560425,0.9810126423835754
406,0.06724645816168542,0.9809321761131287,0.32509008049964905,0.9810126423835754
407,0.07219463321617094,0.9788135886192322,0.3254324495792389,0.9810126423835754
408,0.08506967177835562,0.9766949415206909,0.32761719822883606,0.9810126423835754
409,0.12964009746151456,0.9766949415206909,0.33452001214027405,0.9810126423835754
410,0.0753159094286167,0.9788135886192322,0.3287794888019562,0.9810126423835754
411,0.06407866374415866,0.9809321761131287,0.3272436559200287,0.9810126423835754
412,0.07812990500765332,0.9788135886192322,0.32702216506004333,0.9810126423835754
413,0.0657883182925693,0.9788135886192322,0.32744860649108887,0.9810126423835754
414,0.07248391728785078,0.9788135886192322,0.327888160943985,0.9810126423835754
415,0.07222567612336854,0.9788135886192322,0.32845285534858704,0.9810126423835754
416,0.06819421646453566,0.9788135886192322,0.32922661304473877,0.9873417615890503
417,0.07316118415634511,0.9788135886192322,0.4345313012599945,0.9810126423835754
418,0.07491771207522538,0.9788135886192322,0.5981957912445068,0.9746835231781006
419,0.07890429556117219,0.9788135886192322,0.616769015789032,0.9746835231781006
420,0.0701942773441137,0.9788135886192322,0.6066544651985168,0.9746835231781006
421,0.06510748259596906,0.9788135886192322,0.45460426807403564,0.9746835231781006
422,0.07135085243794878,0.9766949415206909,0.33154988288879395,0.9810126423835754
423,0.06775643815428524,0.9809321761131287,0.3314966857433319,0.9810126423835754
424,0.0712765507652598,0.9788135886192322,0.33175182342529297,0.9810126423835754
425,0.06673641957468905,0.9788135886192322,0.33211714029312134,0.9810126423835754
426,0.07227623588958029,0.9788135886192322,0.33277300000190735,0.9873417615890503
427,0.06893517632605665,0.9788135886192322,0.3336905837059021,0.9873417615890503
428,0.0654639767135604,0.9788135886192322,0.33464470505714417,0.9810126423835754
429,0.06714687016555819,0.9766949415206909,0.33606836199760437,0.9810126423835754
430,0.06179852190159135,0.9788135886192322,0.5724077820777893,0.9746835231781006
431,0.06531407911393602,0.9788135886192322,0.6377478241920471,0.9746835231781006
432,0.06393618250297288,0.9809321761131287,0.33845070004463196,0.9873417615890503
433,0.06617102140592317,0.9788135886192322,0.33813199400901794,0.9873417615890503
434,0.06098278056261903,0.9766949415206909,0.3386540114879608,0.9873417615890503
435,0.06147362973730443,0.9788135886192322,0.3393537402153015,0.9873417615890503
436,0.06005753759863013,0.9809321761131287,0.3399468958377838,0.9873417615890503
437,0.0570546931634515,0.9788135886192322,0.34024953842163086,0.9873417615890503
438,0.07870099062131623,0.9766949415206909,0.33968648314476013,0.9873417615890503
439,0.060878759155334056,0.9788135886192322,0.3400203585624695,0.9873417615890503
440,0.05593421057624332,0.9809321761131287,0.34076860547065735,0.9810126423835754
441,0.062200739222057794,0.9788135886192322,0.34171709418296814,0.9810126423835754
442,0.058625728018203024,0.9788135886192322,0.34296557307243347,0.9810126423835754
443,0.06052586979280084,0.9788135886192322,0.3429664075374603,0.9810126423835754
444,0.06430880864292889,0.9788135886192322,0.34214192628860474,0.9810126423835754
445,0.06194625049829483,0.9788135886192322,0.3421434164047241,0.9810126423835754
446,0.05925866860454365,0.9809321761131287,0.34230732917785645,0.9810126423835754
447,0.05673838937181538,0.9809321761131287,0.3427678942680359,0.9810126423835754
448,0.05374794737514803,0.9788135886192322,0.34323960542678833,0.9810126423835754
449,0.05965107704623271,0.9809321761131287,0.3436528742313385,0.9873417615890503
450,0.05266175785307157,0.9809321761131287,0.34397417306900024,0.9873417615890503
451,0.05744630395103309,0.9809321761131287,0.3445410430431366,0.9873417615890503
452,0.05209064224766473,0.9809321761131287,0.3453768789768219,0.9873417615890503
453,0.0528436466672663,0.9809321761131287,0.3469734787940979,0.9873417615890503
454,0.057168580149695024,0.9809321761131287,0.34935709834098816,0.9810126423835754
455,0.05432843505325964,0.9788135886192322,0.35627803206443787,0.9810126423835754
456,0.0508131355173507,0.9809321761131287,0.3492993712425232,0.9873417615890503
457,0.047529348124892026,0.9809321761131287,0.3488946855068207,0.9873417615890503
458,0.04740444684432725,0.9809321761131287,0.348838210105896,0.9873417615890503
459,0.046614840816138155,0.9830508232116699,0.3484806716442108,0.9873417615890503
460,0.05184509636739553,0.9809321761131287,0.34826284646987915,0.9873417615890503
461,0.04322100664346905,0.9809321761131287,0.34850138425827026,0.9873417615890503
462,0.048842017302068615,0.9830508232116699,0.34879791736602783,0.9873417615890503
463,0.05068871353642415,0.9809321761131287,0.348018079996109,0.9873417615890503
464,0.043620372601484846,0.9851694703102112,0.3475622236728668,0.9873417615890503
465,0.04355525269599284,0.9830508232116699,0.34763303399086,0.9810126423835754
466,0.05095922252384283,0.9830508232116699,0.3481041491031647,0.9810126423835754
467,0.04658367503750122,0.9809321761131287,0.3492615818977356,0.9810126423835754
468,0.0383701792965501,0.9830508232116699,0.3506511449813843,0.9810126423835754
469,0.04168262471586971,0.9809321761131287,0.35283806920051575,0.9810126423835754
470,0.04498355643097627,0.9830508232116699,0.3527325391769409,0.9810126423835754
471,0.04154645512669773,0.9851694703102112,0.3517208695411682,0.9810126423835754
472,0.036897026696952724,0.9830508232116699,0.35120147466659546,0.9810126423835754
473,0.03451151738606267,0.9872881174087524,0.3506781756877899,0.9873417615890503
474,0.04002612235687547,0.9830508232116699,0.35056447982788086,0.9873417615890503
475,0.04077609293794228,0.9894067645072937,0.3505273759365082,0.9873417615890503
476,0.04071127080311209,0.9851694703102112,0.3508358895778656,0.9873417615890503
477,0.03674926217329704,0.9872881174087524,0.35126572847366333,0.9936708807945251
478,0.03199578932154987,0.9894067645072937,0.351677805185318,0.9936708807945251
479,0.03368647024035454,0.991525411605835,0.3519061803817749,0.9936708807945251
480,0.035973663110349136,0.9851694703102112,0.3519947826862335,0.9936708807945251
481,0.028386409599649703,0.9872881174087524,0.3519641160964966,0.9936708807945251
482,0.03468637799812575,0.9851694703102112,0.35142236948013306,0.9936708807945251
483,0.032461154385138365,0.9830508232116699,0.35121652483940125,0.9936708807945251
484,0.036157690809439806,0.9872881174087524,0.35089489817619324,0.9936708807945251
485,0.03143824984209012,0.9872881174087524,0.3506981134414673,0.9936708807945251
486,0.024679305852722315,0.991525411605835,0.3504248857498169,0.9936708807945251
487,0.02912490044609975,0.9894067645072937,0.3504265546798706,0.9936708807945251
488,0.025270887729475052,0.991525411605835,0.35100263357162476,0.9936708807945251
489,0.025460573449983436,0.991525411605835,0.35235872864723206,0.9873417615890503
490,0.02436770625033621,0.991525411605835,0.3541865348815918,0.9873417615890503
491,0.019271558008582917,0.9957627058029175,0.3553072512149811,0.9873417615890503
492,0.019472902293427515,0.9978813529014587,0.3546570837497711,0.9873417615890503
493,0.026950480984681745,0.9936440587043762,0.3536071181297302,0.9873417615890503
494,0.02290684774012889,0.9957627058029175,0.35241565108299255,0.9873417615890503
495,0.018185806287042167,0.9936440587043762,0.3515060544013977,0.9936708807945251
496,0.02283786729735843,0.991525411605835,0.3510184586048126,0.9936708807945251
497,0.014077519761177442,0.9957627058029175,0.35602492094039917,0.9936708807945251
498,0.023907845366304203,0.9957627058029175,0.35068950057029724,0.9936708807945251
499,0.019027064633318932,0.9957627058029175,0.35119181871414185,0.9873417615890503
500,0.021918699587300673,0.9894067645072937,0.35656192898750305,0.9810126423835754
501,0.02543531853895066,0.991525411605835,0.3599490821361542,0.9810126423835754
502,0.018677937624565627,0.9936440587043762,0.36006566882133484,0.9810126423835754
503,0.023270851474697308,0.991525411605835,0.35951411724090576,0.9810126423835754
504,0.024761283422930765,0.9894067645072937,0.3608611822128296,0.9810126423835754
505,0.017193645838711222,0.9978813529014587,0.359562486410141,0.9873417615890503
506,0.019610599583109557,0.9936440587043762,0.35967355966567993,0.9873417615890503
507,0.014324785225977332,0.9957627058029175,0.35972243547439575,0.9936708807945251
508,0.014701974941259724,0.9957627058029175,0.36026594042778015,0.9936708807945251
509,0.021920470741845794,0.9936440587043762,0.35874131321907043,0.9936708807945251
510,0.027948587375172113,0.9957627058029175,0.3594789206981659,0.9873417615890503
511,0.0200440047971778,0.9936440587043762,0.36103683710098267,0.9873417615890503
512,0.01686266187767861,0.9936440587043762,0.3613346815109253,0.9873417615890503
513,0.027633325465149797,0.9851694703102112,0.3627232015132904,0.9873417615890503
514,0.014715658406079826,0.9936440587043762,0.3638666868209839,0.9936708807945251
515,0.01817678922187474,0.991525411605835,0.3654721975326538,0.9936708807945251
516,0.0135944697185088,0.9957627058029175,0.3672381341457367,0.9936708807945251
517,0.017604761520179653,0.991525411605835,0.36900123953819275,0.9936708807945251
518,0.01306119155517574,0.9957627058029175,0.3701808452606201,0.9936708807945251
519,0.02371273770675821,0.9936440587043762,0.3699216842651367,0.9936708807945251
520,0.01638961101929515,0.9936440587043762,0.3703579604625702,0.9936708807945251
521,0.020604127702319015,0.9936440587043762,0.37087392807006836,0.9936708807945251
522,0.018143612765154596,0.991525411605835,0.3722708523273468,0.9936708807945251
523,0.017347557975326555,0.9936440587043762,0.3726638853549957,0.9936708807945251
524,0.014318021282679954,0.9957627058029175,0.37245872616767883,0.9936708807945251
525,0.018246984172423007,0.9936440587043762,0.3720070421695709,0.9936708807945251
526,0.013916841092503678,0.9936440587043762,0.3718152344226837,0.9936708807945251
527,0.011752256176481813,1.0,0.371412068605423,0.9936708807945251
528,0.014338265851897708,0.9936440587043762,0.3713967800140381,0.9936708807945251
529,0.012296551696451033,0.9978813529014587,0.37206947803497314,0.9936708807945251
530,0.016313489273948184,0.9957627058029175,0.37329035997390747,0.9936708807945251
531,0.013167372841577409,0.9957627058029175,0.37491145730018616,0.9936708807945251
532,0.011603036974319967,0.9978813529014587,0.37653079628944397,0.9936708807945251
533,0.011204548858863822,0.9957627058029175,0.3774482011795044,0.9936708807945251
534,0.013680269341852706,0.9957627058029175,0.37756308913230896,0.9936708807945251
535,0.010842573868458048,0.9978813529014587,0.3772367537021637,0.9936708807945251
536,0.014075416692737805,0.9957627058029175,0.37693968415260315,0.9936708807945251
537,0.01431320187777786,0.9978813529014587,0.37685805559158325,0.9936708807945251
538,0.013498693262621507,0.9957627058029175,0.3770747482776642,0.9936708807945251
539,0.010022522660635285,1.0,0.37743663787841797,0.9936708807945251
540,0.012293332793071108,0.9936440587043762,0.37775349617004395,0.9936708807945251
541,0.010816822049476333,0.9957627058029175,0.37789806723594666,0.9936708807945251
542,0.011110431546250642,0.9957627058029175,0.37823882699012756,0.9936708807945251
543,0.012305605935595803,0.9936440587043762,0.37916144728660583,0.9936708807945251
544,0.011134419700730655,0.9957627058029175,0.3801010847091675,0.9936708807945251
545,0.031565476524627815,0.9936440587043762,0.3808721899986267,0.9936708807945251
546,0.029035742378841014,0.9936440587043762,0.38036224246025085,0.9936708807945251
547,0.01084489907311686,0.9957627058029175,0.3774071931838989,0.9936708807945251
548,0.012708872004206909,0.9957627058029175,0.3754214346408844,0.9936708807945251
549,0.012407689781512245,0.9957627058029175,0.37360328435897827,0.9936708807945251
550,0.014921881045388469,0.9936440587043762,0.37303122878074646,0.9936708807945251
551,0.013848290510349354,0.9957627058029175,0.3721155822277069,0.9936708807945251
552,0.016659898225660042,0.9936440587043762,0.3721277713775635,0.9936708807945251
553,0.019681547531637096,0.9936440587043762,0.372885525226593,0.9936708807945251
554,0.0134898171902208,0.9978813529014587,0.3737804591655731,0.9936708807945251
555,0.01917014997136795,0.9957627058029175,0.37516075372695923,0.9936708807945251
556,0.010441131226844707,1.0,0.37600481510162354,0.9936708807945251
557,0.011206824032558222,1.0,0.3766103684902191,0.9936708807945251
558,0.012617985607456353,0.9978813529014587,0.3764958083629608,0.9936708807945251
559,0.010194223816111937,1.0,0.37627357244491577,0.9936708807945251
560,0.01099496710477239,0.9978813529014587,0.37718498706817627,0.9936708807945251
561,0.011319115402776811,1.0,0.37870311737060547,0.9936708807945251
562,0.01291570405207448,0.9978813529014587,0.38051000237464905,0.9936708807945251
563,0.01067338293512999,0.9978813529014587,0.38219013810157776,0.9936708807945251
564,0.012552818362364325,0.9957627058029175,0.3834555745124817,0.9936708807945251
565,0.011901647041914827,0.9978813529014587,0.3840399384498596,0.9936708807945251
566,0.009719796526103707,1.0,0.38414016366004944,0.9936708807945251
567,0.01163257926039524,0.9978813529014587,0.38460785150527954,0.9936708807945251
568,0.00840022416501227,0.9957627058029175,0.38501375913619995,0.9936708807945251
569,0.009935777350249936,0.9957627058029175,0.3854374587535858,0.9936708807945251
570,0.008971232336835337,0.9978813529014587,0.3860623836517334,0.9936708807945251
571,0.010242098674051842,0.9978813529014587,0.3870292603969574,0.9936708807945251
572,0.015872827920494444,0.9936440587043762,0.38862019777297974,0.9936708807945251
573,0.00842903892241292,1.0,0.39384180307388306,0.9936708807945251
574,0.009327459591046229,1.0,0.3888331651687622,0.9936708807945251
575,0.00973660120014417,0.9978813529014587,0.38613277673721313,0.9936708807945251
576,0.012449769145351345,0.9978813529014587,0.39722779393196106,0.9873417615890503
577,0.011236026756844278,0.9936440587043762,0.39107224345207214,0.9936708807945251
578,0.0129410018670862,0.9957627058029175,0.3933301568031311,0.9936708807945251
579,0.011302751915182098,0.9978813529014587,0.3930380344390869,0.9936708807945251
580,0.014132595005429398,0.9936440587043762,0.3906719386577606,0.9936708807945251
581,0.01074641027440459,0.9957627058029175,0.39059722423553467,0.9936708807945251
582,0.009171834128703607,0.9957627058029175,0.39250513911247253,0.9936708807945251
583,0.008260882380655256,0.9978813529014587,0.3924354612827301,0.9873417615890503
584,0.032038269280377084,0.9957627058029175,1.0724740028381348,0.8417721390724182
585,1.6109706143201408,0.7288135886192322,2.1266331672668457,0.6265822649002075
586,2.681330822281918,0.5593220591545105,2.413677215576172,0.5316455960273743
587,2.343435036934028,0.5190678238868713,1.5449265241622925,0.5822784900665283
588,1.6158004494036657,0.5487288236618042,0.8960371613502502,0.6265822649002075
589,1.8803104667340296,0.6355932354927063,0.6477076411247253,0.7594936490058899
590,0.6278775748559984,0.8072034120559692,0.8161689639091492,0.8987341523170471
591,0.8862156645726349,0.8686440587043762,1.0258387327194214,0.9177215099334717
592,1.1301276017043551,0.8877118825912476,1.1225676536560059,0.905063271522522
593,1.2220060592990811,0.8919491767883301,0.8944110870361328,0.905063271522522
594,1.0192789708153676,0.8686440587043762,0.7767015099525452,0.9177215099334717
595,0.8874728578632161,0.8855932354927063,0.6858714818954468,0.9113923907279968
596,0.8794887975110846,0.866525411605835,0.6153761148452759,0.9113923907279968
597,0.77258827019546,0.8516949415206909,0.5533322691917419,0.892405092716217
598,0.7127202213820765,0.7923728823661804,0.5367609858512878,0.8544303774833679
599,0.7268721612833314,0.7923728823661804,0.5253012180328369,0.8354430198669434
600,0.6831065608283221,0.7881355881690979,0.5146238207817078,0.8354430198669434
601,0.5448993040343463,0.8093220591545105,0.504318356513977,0.8607594966888428
602,0.5104992329064062,0.8241525292396545,0.49691781401634216,0.8987341523170471
603,0.47068909719838936,0.8644067645072937,0.4965248703956604,0.9240506291389465
604,0.5030636095394523,0.8559321761131287,0.5052688717842102,0.9240506291389465
605,0.519473368838682,0.8771186470985413,0.5126665234565735,0.9303797483444214
606,0.46275287108906243,0.8855932354927063,0.519202709197998,0.9240506291389465
607,0.45531222678847233,0.8792372941970825,0.5211378931999207,0.9240506291389465
608,0.4578450685840542,0.8898305296897888,0.5173079371452332,0.9240506291389465
609,0.45705211061542317,0.8983050584793091,0.5072280764579773,0.9240506291389465
610,0.35586708329491695,0.8961864113807678,0.4972885251045227,0.9240506291389465
611,0.4319583394769895,0.8898305296897888,0.49535369873046875,0.9240506291389465
612,0.42297170475377877,0.8961864113807678,0.4938044846057892,0.9303797483444214
613,0.39383487075062124,0.883474588394165,0.4922947585582733,0.9303797483444214
614,0.373477629685806,0.8877118825912476,0.4916636347770691,0.9303797483444214
615,0.40104550779876064,0.9046609997749329,0.48895716667175293,0.9303797483444214
616,0.3584142100002806,0.8961864113807678,0.4830714762210846,0.9303797483444214
617,0.3818887628741183,0.8898305296897888,0.47602418065071106,0.9303797483444214
618,0.3149555189124608,0.9067796468734741,0.46808746457099915,0.9240506291389465
619,0.28887403112346843,0.9067796468734741,0.4610017240047455,0.9303797483444214
620,0.30335373140997807,0.9004237055778503,0.45603764057159424,0.9367088675498962
621,0.2975616768255072,0.9025423526763916,0.45111891627311707,0.9430379867553711
622,0.297988343541905,0.9067796468734741,0.44707190990448,0.9430379867553711
623,0.27223486364898036,0.9343220591545105,0.4450085759162903,0.9430379867553711
624,0.251875657651384,0.9343220591545105,0.4401452839374542,0.949367105960846
625,0.23695074577452774,0.9385592937469482,0.43477746844291687,0.949367105960846
626,0.26756560751947306,0.930084764957428,0.428998738527298,0.949367105960846
627,0.26404955275988173,0.944915235042572,0.42226308584213257,0.949367105960846
628,0.21657327751992111,0.9427965879440308,0.4182535409927368,0.949367105960846
629,0.238066857143984,0.944915235042572,0.41349533200263977,0.9556962251663208
630,0.18213108762846156,0.9406779408454895,0.33011162281036377,0.949367105960846
631,0.2517420712669017,0.9279661178588867,0.256989449262619,0.9303797483444214
632,0.24972662001343096,0.9152542352676392,0.3336578905582428,0.9620253443717957
633,0.2371859540373592,0.9618644118309021,0.5562436580657959,0.949367105960846
634,0.3651448710490081,0.9322034120559692,0.2815980613231659,0.892405092716217
635,0.47920873811689474,0.8220338821411133,0.48930397629737854,0.8164557218551636
636,0.6546576204946486,0.7457627058029175,0.6767235398292542,0.7278481125831604
637,0.6593229063486649,0.7521186470985413,0.6308082342147827,0.7151898741722107
638,0.5868693105245041,0.7605932354927063,0.5239965319633484,0.7594936490058899
639,0.5078858470512648,0.8093220591545105,0.4600105285644531,0.8291139006614685
640,0.439723756858858,0.8495762944221497,0.47379177808761597,0.8987341523170471
641,0.4723338181689634,0.9025423526763916,0.5310649871826172,0.9303797483444214
642,0.4265060768289081,0.9088982939720154,0.5837517380714417,0.9240506291389465
643,0.47706529245538226,0.9152542352676392,0.5785222053527832,0.9303797483444214
644,0.4383688720606141,0.9258474707603455,0.5402645468711853,0.9303797483444214
645,0.42383697224875627,0.9322034120559692,0.4891296923160553,0.9240506291389465
646,0.5296300518310676,0.9004237055778503,0.4100382924079895,0.8987341523170471
647,0.4484088112742214,0.8580508232116699,0.4071735441684723,0.8860759735107422
648,0.4186796551033602,0.819915235042572,0.3952310085296631,0.8734177350997925
649,0.37684424600358735,0.8559321761131287,0.3802665174007416,0.8987341523170471
650,0.3541965439157971,0.866525411605835,0.37535321712493896,0.9240506291389465
651,0.3422221591917135,0.8940678238868713,0.391375869512558,0.9430379867553711
652,0.3329766205811905,0.9131355881690979,0.45593661069869995,0.9367088675498962
653,0.3513882549132331,0.9406779408454895,0.4659320116043091,0.9367088675498962
654,0.36783263642909164,0.9385592937469482,0.44320663809776306,0.9620253443717957
655,0.29309889522649474,0.9343220591545105,0.4122587740421295,0.949367105960846
656,0.2980672439276162,0.9364407062530518,0.379340797662735,0.949367105960846
657,0.3015738200333159,0.9279661178588867,0.3518688678741455,0.9430379867553711
658,0.3048640489578247,0.9194915294647217,0.3299808204174042,0.9430379867553711
659,0.28676799040729717,0.9216101765632629,0.3162240982055664,0.9367088675498962
660,0.2855458688938012,0.9152542352676392,0.3123607039451599,0.9430379867553711
661,0.2711439248868975,0.9216101765632629,0.3221794664859772,0.9430379867553711
662,0.22570738549959862,0.9385592937469482,0.34605664014816284,0.949367105960846
663,0.2322333743006496,0.9343220591545105,0.3768494427204132,0.949367105960846
664,0.2383042387032913,0.9470338821411133,0.3961338698863983,0.949367105960846
665,0.24563022235692558,0.9512711763381958,0.39833638072013855,0.9556962251663208
666,0.22185489989943424,0.9512711763381958,0.3934363126754761,0.9556962251663208
667,0.1876603920580977,0.9533898234367371,0.3902556598186493,0.9430379867553711
668,0.22972531187332282,0.9427965879440308,0.39083224534988403,0.9430379867553711
669,0.21424905602204597,0.944915235042572,0.3927997052669525,0.9430379867553711
670,0.1745634296182859,0.9576271176338196,0.3976152539253235,0.949367105960846
671,0.18015385457014632,0.9512711763381958,0.40140146017074585,0.949367105960846
672,0.17233744819285507,0.9533898234367371,0.4012415409088135,0.9620253443717957
673,0.2088622337175628,0.9555084705352783,0.3956184685230255,0.9620253443717957
674,0.13040053528749337,0.9766949415206909,0.39057457447052,0.9620253443717957
675,0.15805069773884142,0.9703390002250671,0.3861318528652191,0.9683544039726257
676,0.1602713139885563,0.9618644118309021,0.38034772872924805,0.9620253443717957
677,0.15931219342401473,0.9555084705352783,0.375986784696579,0.9620253443717957
678,0.13184532485270906,0.9682203531265259,0.3720940351486206,0.9683544039726257
679,0.11202118874101316,0.9724576473236084,0.37120935320854187,0.9683544039726257
680,0.1916127356432252,0.9661017060279846,0.20250093936920166,0.9303797483444214
681,0.33591675152212885,0.9025423526763916,0.2792658805847168,0.905063271522522
682,0.4969245948023715,0.8580508232116699,0.2523685693740845,0.9177215099334717
683,0.4033571299860033,0.8813559412956238,0.1600717455148697,0.949367105960846
684,0.30159968920683455,0.9343220591545105,0.234728142619133,0.9683544039726257
685,0.2921565942845102,0.9427965879440308,0.3047313988208771,0.9430379867553711
686,0.2502406120805417,0.9639830589294434,0.33192557096481323,0.9430379867553711
687,0.29287322446451347,0.9555084705352783,0.2732449769973755,0.9430379867553711
688,0.2235819492804802,0.9576271176338196,0.20344139635562897,0.9620253443717957
689,0.2663158617787442,0.944915235042572,0.1614219695329666,0.9620253443717957
690,0.24422666278936095,0.930084764957428,0.15123485028743744,0.949367105960846
691,0.22530855794074173,0.9385592937469482,0.14863552153110504,0.9430379867553711
692,0.21719982714976294,0.9279661178588867,0.13871444761753082,0.9556962251663208
693,0.18570993411338935,0.9406779408454895,0.13255877792835236,0.9683544039726257
694,0.18484895436440485,0.9661017060279846,0.15786033868789673,0.9683544039726257
695,0.1400997156308869,0.9766949415206909,0.16993649303913116,0.9683544039726257
696,0.14794622588965853,0.9745762944221497,0.1359579861164093,0.9683544039726257
697,0.1175173758450201,0.9809321761131287,0.11831913888454437,0.9683544039726257
698,0.11329568000668186,0.9809321761131287,0.11572588235139847,0.9683544039726257
699,0.11411586934227054,0.9724576473236084,0.11556471884250641,0.9683544039726257
700,0.1151975630703619,0.9745762944221497,0.11596363037824631,0.9683544039726257
701,0.08741518981375937,0.9809321761131287,0.1167517676949501,0.9683544039726257
702,0.08900469554177785,0.9830508232116699,0.11867705732584,0.9683544039726257
703,0.11906806543721991,0.9745762944221497,0.11865630000829697,0.9683544039726257
704,0.08287597195071689,0.9851694703102112,0.11907526850700378,0.9620253443717957
705,0.10489777147264803,0.9766949415206909,0.12066757678985596,0.9620253443717957
706,0.08596361289590092,0.9809321761131287,0.12309607863426208,0.9620253443717957
707,0.08795886044785128,0.9788135886192322,0.126562237739563,0.9620253443717957
708,0.08449331127991111,0.9872881174087524,0.12884481251239777,0.9683544039726257
709,0.08231841760166621,0.9809321761131287,0.13084055483341217,0.9683544039726257
710,0.0872283207915597,0.9872881174087524,0.1307874321937561,0.9683544039726257
711,0.0826412147637141,0.9830508232116699,0.12800857424736023,0.9683544039726257
712,0.09629143585087889,0.9745762944221497,0.12799055874347687,0.9683544039726257
713,0.07488143797648156,0.9788135886192322,0.13160738348960876,0.9683544039726257
714,0.09492553151765112,0.9809321761131287,0.1370556354522705,0.9683544039726257
715,0.0716887639235642,0.9788135886192322,0.14633633196353912,0.9620253443717957
716,0.08926089764651605,0.9809321761131287,0.2388678938150406,0.9113923907279968
717,0.48344537161164364,0.8453390002250671,0.6132562756538391,0.8291139006614685
718,0.8931183229058476,0.7203390002250671,1.0619713068008423,0.7088607549667358
719,0.9752776653079663,0.7012711763381958,1.0440276861190796,0.6835442781448364
720,0.9174527919898599,0.6885592937469482,0.8696748614311218,0.6962025165557861
721,0.7801883695489269,0.7372881174087524,0.6746171712875366,0.7278481125831604
722,0.6294369475316193,0.7669491767883301,0.5274372696876526,0.7911392450332642
723,0.4440032218472432,0.8368644118309021,0.49414801597595215,0.8101266026496887
724,0.4354163711353884,0.8559321761131287,0.5344610810279846,0.8607594966888428
725,0.44563846871004265,0.8919491767883301,0.5888136029243469,0.8797468543052673
726,0.5666611457275132,0.9258474707603455,0.6109371781349182,0.9240506291389465
727,0.4874460939633644,0.930084764957428,0.5989862084388733,0.9240506291389465
728,0.4354769183417498,0.9237288236618042,0.5684828162193298,0.9240506291389465
729,0.4291437141976114,0.9258474707603455,0.529263973236084,0.9367088675498962
730,0.3927594589985023,0.9237288236618042,0.49352169036865234,0.9177215099334717
731,0.4606204568329504,0.8898305296897888,0.46197453141212463,0.8670886158943176
732,0.34029520921787976,0.9110169410705566,0.4377344846725464,0.8227847814559937
733,0.392344323255248,0.866525411605835,0.43839868903160095,0.8164557218551636
734,0.39999364442744495,0.8474576473236084,0.4327821731567383,0.8164557218551636
735,0.36034238085908404,0.8559321761131287,0.4194210469722748,0.8164557218551636
736,0.37247461535162846,0.8474576473236084,0.4021594822406769,0.8417721390724182
737,0.35638563713784943,0.8644067645072937,0.38641357421875,0.8544303774833679
738,0.350867561364578,0.8919491767883301,0.3751864731311798,0.8607594966888428
739,0.36035888124320464,0.883474588394165,0.36789098381996155,0.8734177350997925
740,0.32618955686940987,0.8898305296897888,0.36332353949546814,0.8987341523170471
741,0.35022764337264883,0.8898305296897888,0.35999536514282227,0.9113923907279968
742,0.3403912464440879,0.9046609997749329,0.3556744456291199,0.9113923907279968
743,0.388268124754146,0.8919491767883301,0.3321229815483093,0.9113923907279968
744,0.3117770158638388,0.9194915294647217,0.3192088305950165,0.9113923907279968
745,0.32887437181957696,0.8855932354927063,0.3143514096736908,0.9113923907279968
746,0.34717765753552066,0.8961864113807678,0.31023892760276794,0.9113923907279968
747,0.3794284649824692,0.9004237055778503,0.30579254031181335,0.905063271522522
748,0.3222889986078618,0.8940678238868713,0.3021876811981201,0.905063271522522
749,0.3222677288419109,0.9067796468734741,0.298380047082901,0.905063271522522
750,0.3517303588026661,0.8983050584793091,0.29490745067596436,0.9113923907279968
751,0.3125113425618511,0.9216101765632629,0.2914358973503113,0.9177215099334717
752,0.308498170921358,0.9046609997749329,0.28845950961112976,0.9177215099334717
753,0.2769970267505969,0.9046609997749329,0.286624550819397,0.9177215099334717
754,0.2634933446928606,0.9131355881690979,0.28628554940223694,0.9177215099334717
755,0.2744508486683086,0.9088982939720154,0.2875220477581024,0.9240506291389465
756,0.28244391487816634,0.9088982939720154,0.28844279050827026,0.9240506291389465
757,0.28289531954264235,0.9279661178588867,0.2889299988746643,0.9240506291389465
758,0.30646626550262257,0.9322034120559692,0.28684982657432556,0.9303797483444214
759,0.26623326034869177,0.9237288236618042,0.28598877787590027,0.9367088675498962
760,0.29278609964807156,0.9279661178588867,0.2851225435733795,0.9430379867553711
761,0.29002116595284416,0.930084764957428,0.2831234633922577,0.9367088675498962
762,0.25413516972024564,0.9322034120559692,0.281834214925766,0.9367088675498962
763,0.24707561327239214,0.9385592937469482,0.2818770408630371,0.9367088675498962
764,0.2835249996791452,0.9258474707603455,0.28214895725250244,0.9367088675498962
765,0.22908631093421225,0.9279661178588867,0.2845148742198944,0.9430379867553711
766,0.2525183194774692,0.9237288236618042,0.28979170322418213,0.9430379867553711
767,0.2592644024703462,0.9237288236618042,0.29658904671669006,0.9430379867553711
768,0.21462911721003258,0.944915235042572,0.30576327443122864,0.949367105960846
769,0.23180969135235932,0.9364407062530518,0.3188225328922272,0.949367105960846
770,0.22485804204213417,0.9385592937469482,0.3302915692329407,0.9620253443717957
771,0.22644652830342116,0.9406779408454895,0.34175559878349304,0.9620253443717957
772,0.2246812417850656,0.9470338821411133,0.3530655801296234,0.9620253443717957
773,0.21324173575740749,0.9555084705352783,0.3620300889015198,0.9620253443717957
774,0.19012394749512107,0.9639830589294434,0.3694283664226532,0.9620253443717957
775,0.19773266653893357,0.9512711763381958,0.3780139684677124,0.9620253443717957
776,0.18146894063989996,0.9597457647323608,0.3867654800415039,0.9620253443717957
777,0.17757628883345652,0.9639830589294434,0.39533478021621704,0.9620253443717957
778,0.21126746045330824,0.9618644118309021,0.3997931182384491,0.9620253443717957
779,0.18311833047260673,0.9661017060279846,0.4028417766094208,0.9620253443717957
780,0.1545155177177009,0.9597457647323608,0.40785714983940125,0.9620253443717957
781,0.1628718931796187,0.9597457647323608,0.41251328587532043,0.9620253443717957
782,0.1480064099117861,0.9639830589294434,0.41745051741600037,0.9620253443717957
783,0.1338560411990699,0.9639830589294434,0.42194536328315735,0.9620253443717957
784,0.1535367432792308,0.9618644118309021,0.4255717396736145,0.9683544039726257
785,0.1443098265740831,0.9724576473236084,0.42760202288627625,0.9683544039726257
786,0.15053619015014777,0.9766949415206909,0.42864322662353516,0.9620253443717957
787,0.13723762219740174,0.9788135886192322,0.42891624569892883,0.9620253443717957
788,0.13793729270918895,0.9830508232116699,0.42927464842796326,0.9620253443717957
789,0.11958744541063147,0.9851694703102112,0.4295281171798706,0.9620253443717957
790,0.13473417546789526,0.9830508232116699,0.4309695363044739,0.9620253443717957
791,0.1260786165120238,0.9703390002250671,0.4339562952518463,0.9620253443717957
792,0.10569252705169936,0.9830508232116699,0.4362563192844391,0.9556962251663208
793,0.12538926934791825,0.9830508232116699,0.43951845169067383,0.949367105960846
794,0.09845511590020131,0.9830508232116699,0.4417937994003296,0.949367105960846
795,0.08399160181061696,0.9851694703102112,0.44395890831947327,0.949367105960846
796,0.10472381885273982,0.9872881174087524,0.4461219906806946,0.949367105960846
797,0.10821341786344173,0.9809321761131287,0.4490179121494293,0.949367105960846
798,0.09531805727441432,0.9809321761131287,0.4528132975101471,0.949367105960846
799,0.09711098418397418,0.9830508232116699,0.456263929605484,0.949367105960846
